Row 0:
  Domain 0: centroid = 126.00, value = 0, length = 53, indices = [  0   1   2   3   4   5   6   7   8   9  10  11  12  13  14  15  16  17
  18  19  20  21  22  23  26  97 101 102 103 104 105 106 107 108 109 110
 111 112 113 114 115 116 117 118 119 120 121 122 123 124 125 126 127]
  Domain 1: centroid = 62.00, value = 1, length = 73, indices = [ 24  25  27  28  29  30  31  32  34  35  36  37  38  39  40  41  42  43
  44  45  46  47  48  49  50  51  52  53  54  55  56  57  58  59  60  61
  62  63  64  65  66  67  68  69  70  71  72  73  74  75  76  77  78  79
  80  81  82  83  84  85  86  87  88  89  90  92  93  94  95  96  98  99
 100]

Row 1:
  Domain 0: centroid = 122.46, value = 0, length = 54, indices = [  0   1   2   3   4   5   6   7   8   9  10  11  12  13  14  15  16  17
  19  20  21  22  90  93  97  98  99 101 102 103 104 105 106 107 108 109
 110 111 112 113 114 115 116 117 118 119 120 121 122 123 124 125 126 127]
  Domain 1: centroid = 58.46, value = 1, length = 74, indices = [ 18  23  24  25  26  27  28  29  30  31  32  33  34  35  36  37  38  39
  40  41  42  43  44  45  46  47  48  49  50  51  52  53  54  55  56  57
  58  59  60  61  62  63  64  65  66  67  68  69  70  71  72  73  74  75
  76  77  78  79  80  81  82  83  84  85  86  87  88  89  91  92  94  95
  96 100]

Row 2:
  Domain 0: centroid = 116.03, value = 0, length = 57, indices = [  0   1   2   3   4   5   6   7   8   9  11  12  13  14  15  17  21  78
  83  85  89  92  93  94  95  96  97  98  99 100 101 102 103 104 105 106
 107 108 109 110 111 112 113 114 115 116 117 118 119 120 121 122 123 124
 125 126 127]
  Domain 1: centroid = 52.49, value = 1, length = 70, indices = [16 18 19 20 22 23 24 25 26 27 28 29 30 31 32 33 34 35 36 37 38 39 40 41
 42 43 44 45 46 47 48 49 50 51 52 53 54 55 56 57 58 59 60 61 62 63 64 65
 66 67 68 69 70 71 72 73 74 75 76 77 79 80 81 82 84 86 87 88 90 91]

Row 3:
  Domain 0: centroid = 111.96, value = 0, length = 55, indices = [  0   1   2   3   4   5   6   7   8   9  10  11  84  85  86  87  88  90
  91  92  93  94  95  96  97  98  99 100 101 102 103 104 105 106 107 108
 109 110 111 112 113 114 115 116 117 118 119 120 121 122 123 124 125 126
 127]
  Domain 1: centroid = 47.50, value = 1, length = 72, indices = [12 13 14 15 16 17 18 19 20 21 22 23 24 25 26 27 28 29 30 31 32 33 34 35
 36 37 38 39 40 41 42 43 44 45 46 47 48 49 50 51 52 53 54 55 56 57 58 59
 60 61 62 63 64 65 66 67 68 69 70 71 72 73 74 75 76 77 78 79 80 81 82 83]

Row 4:
  Domain 0: centroid = 113.47, value = 0, length = 58, indices = [  0   1   2   3   4   5   6   7   8   9  11  12  15  16  17  76  80  83
  87  88  89  90  91  92  94  95  96  97  98  99 100 101 102 103 104 105
 106 107 108 109 110 111 112 113 114 115 116 117 118 119 120 121 122 123
 124 125 126 127]
  Domain 1: centroid = 49.03, value = 1, length = 69, indices = [10 13 14 18 19 20 21 22 23 24 25 26 27 28 29 30 31 32 33 34 35 36 37 38
 39 40 41 42 43 44 45 46 47 48 49 50 51 52 53 54 55 56 57 58 59 60 61 62
 63 64 65 66 67 68 69 70 71 72 73 74 75 77 78 79 81 82 84 85 86]

Row 5:
  Domain 0: centroid = 115.59, value = 0, length = 58, indices = [  0   1   2   3   4   5   6   7   8   9  11  14  15  16  17  18  19  85
  87  88  89  91  92  93  94  95  96  97  98  99 100 101 102 103 104 105
 106 107 108 109 110 111 112 113 114 115 116 117 118 119 120 121 122 123
 124 125 126 127]
  Domain 1: centroid = 11.67, value = 1, length = 3, indices = [10 12 13]
  Domain 2: centroid = 52.98, value = 1, length = 67, indices = [20 21 22 23 24 25 26 27 28 29 30 31 32 33 34 35 36 37 38 39 40 41 42 43
 44 45 46 47 48 49 50 51 52 53 54 55 56 57 58 59 60 61 62 63 64 65 66 67
 68 69 70 71 72 73 74 75 76 77 78 79 80 81 82 83 84 86 90]

Row 6:
  Domain 0: centroid = 125.87, value = 0, length = 53, indices = [  0   1   2   3   4   5   6   7   8   9  10  11  12  13  14  15  16  17
  18  19  20  21  23  25  27  96  98  99 100 102 103 104 107 108 109 110
 111 112 113 114 115 116 117 118 119 120 121 122 123 124 125 126 127]
  Domain 1: centroid = 62.40, value = 1, length = 74, indices = [ 22  24  26  28  29  30  31  32  33  35  36  37  38  39  40  41  42  43
  44  45  46  47  48  49  50  51  52  53  54  55  56  57  58  59  60  61
  62  63  64  65  66  67  68  69  70  71  72  73  74  75  76  77  78  79
  80  81  82  83  84  85  86  87  88  89  90  91  92  93  94  95  97 101
 105 106]

Row 7:
  Domain 0: centroid = 119.98, value = 0, length = 51, indices = [  0   1   2   3   4   5   6   7   8   9  10  11  12  13  14  16  18  23
  92  93  94  98  99 100 101 102 103 104 105 106 107 108 109 110 111 112
 113 114 115 116 117 118 119 120 121 122 123 124 125 126 127]
  Domain 1: centroid = 55.45, value = 1, length = 76, indices = [15 17 19 20 21 22 24 25 26 27 28 29 30 31 32 33 34 35 36 37 38 39 40 41
 42 43 44 45 46 47 48 49 50 51 52 53 54 55 56 57 58 59 60 61 62 63 64 65
 66 67 68 69 70 71 72 73 74 75 76 77 78 79 80 81 82 83 85 86 87 88 89 90
 91 95 96 97]

Row 8:
  Domain 0: centroid = 118.92, value = 0, length = 51, indices = [  0   1   2   3   4   5   6   7   8   9  10  11  12  13  14  15  19  90
  92  95  96  97  98 100 101 102 103 104 105 106 107 108 109 110 111 112
 113 114 115 116 117 118 119 120 121 122 123 124 125 126 127]
  Domain 1: centroid = 54.40, value = 1, length = 76, indices = [16 17 18 20 21 22 23 24 25 26 27 28 29 30 31 32 33 34 35 36 37 38 39 40
 41 42 43 44 45 46 47 48 49 50 51 52 53 54 55 56 57 58 59 60 61 62 63 64
 65 66 67 68 69 70 71 72 73 74 75 76 77 78 79 80 82 83 84 85 86 87 88 89
 91 93 94 99]

Row 9:
  Domain 0: centroid = 123.52, value = 0, length = 58, indices = [  0   1   2   3   4   5   6   7   8   9  10  11  12  13  14  15  17  18
  19  20  21  22  27  28  33  85  89  91  94  98  99 100 102 103 104 105
 106 107 108 109 110 111 112 113 114 115 116 117 118 119 120 121 122 123
 124 125 126 127]
  Domain 1: centroid = 59.97, value = 1, length = 69, indices = [ 23  24  25  26  29  30  31  32  34  35  36  37  38  39  40  41  42  43
  44  45  46  47  48  49  50  51  52  53  54  55  56  57  58  59  60  61
  62  63  64  65  66  67  68  69  70  71  72  73  74  75  76  77  78  79
  80  81  82  83  84  86  87  88  90  92  93  95  96  97 101]

Row 10:
  Domain 0: centroid = 114.92, value = 0, length = 55, indices = [  0   1   2   3   4   5   6   7   8   9  11  12  13  15  17  83  84  85
  86  90  92  94  95  96  97  98  99 100 101 102 103 104 105 106 107 108
 109 110 111 112 113 114 115 116 117 118 119 120 121 122 123 124 125 126
 127]
  Domain 1: centroid = 50.92, value = 1, length = 73, indices = [10 14 16 18 19 20 21 22 23 24 25 26 27 28 29 30 31 32 33 34 35 36 37 38
 39 40 41 42 43 44 45 46 47 48 49 50 51 52 53 54 55 56 57 58 59 60 61 62
 63 64 65 66 67 68 69 70 71 72 73 74 75 76 77 78 79 80 81 82 87 88 89 91
 93]

Row 11:
  Domain 0: centroid = 103.53, value = 0, length = 54, indices = [  0   1   4   5  75  77  79  80  81  82  83  84  85  86  87  88  89  90
  91  92  93  94  95  96  97  98  99 100 101 102 103 104 105 106 107 108
 109 110 111 112 113 114 115 116 117 118 119 120 121 122 123 124 125 126]
  Domain 1: centroid = 39.02, value = 1, length = 73, indices = [  2   3   6   7   8   9  10  11  12  13  14  15  16  17  18  19  20  21
  22  23  24  25  26  27  28  29  30  31  32  33  34  35  36  37  38  39
  40  41  42  43  44  45  46  47  48  49  50  51  52  53  54  55  56  57
  58  59  60  61  62  63  64  65  66  68  69  70  71  72  73  74  76  78
 127]

Row 12:
  Domain 0: centroid = 100.15, value = 0, length = 53, indices = [  0   1  74  75  76  77  78  79  80  81  82  83  84  85  86  87  88  89
  90  91  92  93  94  95  96  97  98  99 100 101 102 103 104 105 106 107
 108 109 110 111 112 113 114 115 116 117 118 120 121 123 124 125 126]
  Domain 1: centroid = 36.16, value = 1, length = 73, indices = [  2   3   4   5   6   7   9  10  11  12  13  14  15  16  17  18  19  20
  21  22  23  24  25  26  27  28  29  30  31  32  33  34  35  36  37  38
  39  40  41  42  43  44  45  46  47  48  49  50  51  52  53  54  55  56
  57  58  59  60  61  62  64  65  66  67  68  69  70  71  72  73 119 122
 127]

Row 13:
  Domain 0: centroid = 99.54, value = 0, length = 54, indices = [  1  69  73  75  76  77  78  79  80  81  82  83  84  85  86  87  88  89
  90  91  92  93  94  95  96  97  98  99 100 101 102 103 104 105 106 107
 108 109 110 111 112 113 114 115 116 117 118 119 120 121 123 124 126 127]
  Domain 1: centroid = 36.06, value = 1, length = 73, indices = [  0   2   3   4   5   6   7   9  10  11  12  13  14  15  16  17  18  19
  20  21  22  23  24  25  26  27  28  29  30  31  32  33  34  35  36  37
  38  39  40  41  42  43  44  45  46  47  48  49  50  51  52  53  54  55
  56  57  58  59  60  61  62  63  64  65  66  67  68  70  71  72  74 122
 125]

Row 14:
  Domain 0: centroid = 102.93, value = 0, length = 55, indices = [  0   1   3   4  66  68  73  74  78  80  82  83  84  85  86  87  88  89
  90  91  92  93  94  95  96  97  98  99 100 101 102 103 104 105 106 107
 108 109 110 111 112 113 114 115 116 117 118 119 120 121 122 123 124 125
 126]
  Domain 1: centroid = 38.93, value = 1, length = 73, indices = [  2   5   6   7   8   9  10  11  12  13  14  15  16  17  18  19  20  21
  22  23  24  25  26  27  28  29  30  31  32  33  34  35  36  37  38  39
  40  41  42  43  44  45  46  47  48  49  50  51  52  53  54  55  56  57
  58  59  60  61  62  63  64  65  67  69  70  71  72  75  76  77  79  81
 127]

Row 15:
  Domain 0: centroid = 103.61, value = 0, length = 53, indices = [  0   1   4   5  68  71  76  77  78  79  80  81  83  85  87  88  89  90
  92  93  94  95  96  97  98  99 100 101 102 103 104 105 106 107 108 109
 110 111 112 113 114 115 116 117 118 119 120 121 122 123 124 126 127]
  Domain 1: centroid = 16.33, value = 0, length = 3, indices = [13 16 20]
  Domain 2: centroid = 39.43, value = 1, length = 68, indices = [  2   3   6   7   8   9  10  11  12  14  15  17  18  19  21  22  23  24
  25  26  27  28  29  30  31  32  33  34  35  36  37  38  39  40  41  42
  43  44  45  46  47  48  49  50  51  52  53  54  55  56  57  58  59  60
  61  62  63  64  65  66  67  69  70  72  73  74  75 125]
  Domain 3: centroid = 85.74, value = 1, length = 4, indices = [82 84 86 91]

Row 16:
  Domain 0: centroid = 101.95, value = 0, length = 53, indices = [  0   1   2   4  68  73  74  75  78  80  82  83  84  85  86  87  88  89
  90  91  92  93  94  95  96  97  98  99 100 101 102 103 104 105 106 107
 108 109 110 111 112 113 114 115 116 117 118 119 120 121 122 123 124]
  Domain 1: centroid = 37.95, value = 1, length = 75, indices = [  3   5   6   7   8   9  10  11  12  13  14  15  16  17  18  19  20  21
  22  23  24  25  26  27  28  29  30  31  32  33  34  35  36  37  38  39
  40  41  42  43  44  45  46  47  48  49  50  51  52  53  54  55  56  57
  58  59  60  61  62  63  64  65  66  67  69  70  71  72  76  77  79  81
 125 126 127]

Row 17:
  Domain 0: centroid = 103.94, value = 0, length = 53, indices = [  0   1   3   4  72  74  77  78  82  83  84  85  86  87  88  89  90  91
  92  93  94  95  96  97  98  99 100 101 102 103 104 105 106 107 108 109
 110 111 112 113 114 115 116 117 118 119 120 121 122 123 124 125 126]
  Domain 1: centroid = 40.97, value = 1, length = 73, indices = [  2   5   6   7   8   9  10  11  12  14  15  17  18  19  20  21  22  23
  24  25  26  27  28  29  30  31  32  33  34  35  36  37  38  39  40  41
  42  43  44  45  46  47  48  49  50  51  52  53  54  55  56  57  58  59
  60  61  62  63  64  65  66  67  68  69  70  71  73  75  76  79  80  81
 127]

Row 18:
  Domain 0: centroid = 107.50, value = 0, length = 54, indices = [  1   2   3   4   5   6   7  72  76  79  84  85  86  87  88  89  90  91
  92  93  94  95  96  97  98  99 100 101 102 103 104 105 106 107 108 109
 110 111 112 113 114 115 116 117 118 119 120 121 122 123 124 125 126 127]
  Domain 1: centroid = 44.47, value = 1, length = 72, indices = [ 8  9 10 11 12 14 15 16 17 18 19 20 21 22 23 24 25 26 27 28 29 30 31 32
 33 34 35 36 37 38 39 40 41 42 43 44 45 46 47 48 49 50 51 52 53 54 55 56
 57 58 59 60 61 62 63 64 65 66 67 68 69 70 71 73 74 75 77 78 80 81 82 83]

Row 19:
  Domain 0: centroid = 102.08, value = 0, length = 57, indices = [  1   2   4   5   6  67  69  74  76  78  79  80  81  82  83  84  85  86
  87  88  89  90  91  92  93  94  95  96  97  98  99 100 101 102 103 104
 105 106 107 108 109 110 111 112 113 114 115 116 117 118 119 120 121 122
 123 125 127]
  Domain 1: centroid = 38.08, value = 1, length = 71, indices = [  0   3   7   8   9  10  11  12  13  14  15  16  17  18  19  20  21  22
  23  24  25  26  27  28  29  30  31  32  33  34  35  36  37  38  39  40
  41  42  43  44  45  46  47  48  49  50  51  52  53  54  55  56  57  58
  59  60  61  62  63  64  65  66  68  70  71  72  73  75  77 124 126]

Row 20:
  Domain 0: centroid = 101.08, value = 0, length = 59, indices = [  0   1   2   3   4  69  71  73  74  76  77  78  79  80  81  82  83  84
  85  86  87  88  89  90  91  92  93  94  95  96  97  98  99 100 101 102
 103 104 105 106 107 108 109 110 111 112 113 114 115 116 117 118 119 120
 122 123 124 125 126]
  Domain 1: centroid = 37.98, value = 1, length = 67, indices = [ 5  6  7  8  9 10 11 12 13 14 15 16 17 18 19 20 21 22 23 24 25 26 27 28
 29 30 31 32 33 34 35 36 37 38 39 40 41 42 43 44 45 46 47 48 49 50 51 52
 53 54 55 56 57 58 59 60 61 62 63 64 65 66 67 68 70 72 75]

Row 21:
  Domain 0: centroid = 104.08, value = 0, length = 57, indices = [  0   1   2   5   6   7  74  76  78  79  80  81  82  83  84  85  86  87
  88  89  90  91  92  93  94  95  96  97  98  99 100 101 102 103 104 105
 106 107 108 109 110 111 112 113 114 115 116 117 118 119 120 121 122 123
 124 126 127]
  Domain 1: centroid = 40.03, value = 1, length = 69, indices = [ 3  4  8  9 10 11 12 13 14 15 16 17 18 19 20 21 22 23 24 25 26 27 28 29
 30 31 32 33 34 35 36 37 38 39 40 41 42 43 44 45 46 47 48 49 50 51 52 53
 54 55 56 57 58 59 60 61 62 63 64 65 67 68 69 70 71 72 73 75 77]

Row 22:
  Domain 0: centroid = 107.52, value = 0, length = 56, indices = [  0   1   2   3   4   6   7   8  80  81  82  83  84  85  86  87  88  89
  90  91  92  93  94  95  96  97  98  99 100 101 102 103 104 105 106 107
 108 109 110 111 112 113 114 115 116 117 118 119 120 121 122 123 124 125
 126 127]
  Domain 1: centroid = 43.97, value = 1, length = 71, indices = [ 5  9 10 11 12 13 14 15 16 17 18 19 20 21 23 24 25 26 27 28 29 30 31 32
 33 34 35 36 37 38 39 40 41 42 43 44 45 46 47 48 49 50 51 52 53 54 55 56
 57 58 59 60 61 62 63 64 65 66 67 68 69 70 71 72 73 74 75 76 77 78 79]

Row 23:
  Domain 0: centroid = 117.99, value = 0, length = 55, indices = [  0   1   2   3   4   5   6   7   8   9  10  11  12  14  16  17  18  21
  90  91  92  93  94  95  96  97  99 100 101 102 103 104 105 106 107 108
 109 110 111 112 113 114 115 116 117 118 119 120 121 122 123 124 125 126
 127]
  Domain 1: centroid = 53.56, value = 1, length = 72, indices = [13 15 19 20 22 23 24 25 26 27 28 29 30 31 32 33 34 35 36 37 38 39 40 41
 42 43 44 45 46 47 48 49 50 51 52 53 54 55 56 57 58 59 60 61 62 63 64 65
 66 67 68 69 70 71 72 73 74 75 76 77 78 79 80 81 82 83 84 85 86 87 88 89]

Row 24:
  Domain 0: centroid = 122.40, value = 0, length = 56, indices = [  0   1   2   3   4   5   6   7   8   9  10  11  12  13  14  15  16  17
  18  19  20  21  22  88  90  94  96  97  99 100 102 103 104 105 106 107
 108 109 110 111 112 113 114 115 116 117 118 119 120 121 122 123 124 125
 126 127]
  Domain 1: centroid = 58.40, value = 1, length = 72, indices = [ 23  24  25  26  27  28  29  30  31  32  33  34  35  36  37  38  39  40
  41  42  43  44  45  46  47  48  49  50  51  52  53  54  55  56  57  58
  59  60  61  62  63  64  65  66  67  68  69  70  71  72  73  74  75  76
  77  78  79  80  81  82  83  84  85  86  87  89  91  92  93  95  98 101]

Row 25:
  Domain 0: centroid = 126.49, value = 0, length = 56, indices = [  0   1   2   3   4   5   6   7   8   9  10  11  12  13  14  15  16  17
  18  19  20  21  22  23  25  26  28  95  98  99 102 103 104 105 106 107
 108 109 110 111 112 113 114 115 116 117 118 119 120 121 122 123 124 125
 126 127]
  Domain 1: centroid = 62.49, value = 1, length = 72, indices = [ 24  27  29  30  31  32  33  34  35  36  37  38  39  40  41  42  43  44
  45  46  47  48  49  50  51  52  53  54  55  56  57  58  59  60  61  62
  63  64  65  66  67  68  69  70  71  72  73  74  75  76  77  78  79  80
  81  82  83  84  85  86  87  88  89  90  91  92  93  94  96  97 100 101]

Row 26:
  Domain 0: centroid = 127.48, value = 0, length = 56, indices = [  0   1   2   3   4   5   6   7   8   9  10  11  12  13  14  15  16  17
  18  19  20  21  22  23  24  25  26  29  98  99 101 103 104 105 106 107
 108 109 110 111 112 113 114 115 116 117 118 119 120 121 122 123 124 125
 126 127]
  Domain 1: centroid = 63.48, value = 1, length = 72, indices = [ 27  28  30  31  32  33  34  35  36  37  38  39  40  41  42  43  44  45
  46  47  48  49  50  51  52  53  54  55  56  57  58  59  60  61  62  63
  64  65  66  67  68  69  70  71  72  73  74  75  76  77  78  79  80  81
  82  83  84  85  86  87  88  89  90  91  92  93  94  95  96  97 100 102]

Row 27:
  Domain 0: centroid = 0.58, value = 0, length = 54, indices = [  0   1   2   3   4   5   6   7   8   9  10  11  12  13  14  15  16  17
  18  19  20  21  22  23  25  28  32  33 102 103 104 105 106 107 108 109
 110 111 112 113 114 115 116 117 118 119 120 121 122 123 124 125 126 127]
  Domain 1: centroid = 64.06, value = 1, length = 73, indices = [ 24  26  27  29  30  31  34  35  36  37  38  39  40  41  42  43  44  45
  46  47  48  49  50  51  52  53  54  55  56  57  58  59  60  61  62  63
  64  65  66  67  68  69  70  71  72  73  74  75  76  77  78  79  80  81
  82  83  84  85  86  87  88  89  90  91  93  94  95  96  97  98  99 100
 101]

Row 28:
  Domain 0: centroid = 5.05, value = 0, length = 55, indices = [  0   1   2   3   4   5   6   7   8   9  10  11  12  13  14  15  16  17
  18  19  20  21  22  23  25  26  27  29  30  31  32  34  36 104 105 106
 108 109 110 111 112 114 115 116 117 118 119 120 121 122 123 124 125 126
 127]
  Domain 1: centroid = 68.62, value = 1, length = 72, indices = [ 24  28  33  35  37  38  39  40  41  42  43  44  45  46  47  48  49  50
  51  52  53  54  55  56  57  58  59  60  61  62  63  64  65  66  67  68
  69  70  71  72  73  74  75  76  77  78  79  80  81  82  83  84  85  86
  87  88  89  90  91  92  93  94  95  96  97  98  99 100 101 102 103 107]

Row 29:
  Domain 0: centroid = 12.90, value = 0, length = 55, indices = [  0   1   2   3   4   5   6   7   8   9  10  11  12  13  14  15  16  17
  18  19  20  21  22  23  24  25  26  27  28  29  30  31  32  33  34  35
  36  37  40  42  44 112 113 114 115 116 118 119 120 121 122 124 125 126
 127]
  Domain 1: centroid = 75.53, value = 1, length = 70, indices = [ 38  39  41  43  45  46  47  48  49  50  51  52  53  54  55  56  57  58
  59  60  61  62  63  64  65  66  67  68  69  70  71  72  73  74  75  76
  77  78  79  80  81  82  83  84  85  86  87  88  89  90  91  92  93  94
  95  96  97  98  99 100 101 102 103 105 106 107 108 109 110 111]

Row 30:
  Domain 0: centroid = 16.01, value = 0, length = 57, indices = [  0   1   2   3   4   5   6   7   8   9  10  11  12  13  14  15  16  17
  18  19  20  21  22  23  24  25  26  27  28  29  30  31  32  33  34  35
  36  37  38  39  40  41  42  44  46 116 117 118 119 120 121 122 123 124
 125 126 127]
  Domain 1: centroid = 80.01, value = 1, length = 71, indices = [ 43  45  47  48  49  50  51  52  53  54  55  56  57  58  59  60  61  62
  63  64  65  66  67  68  69  70  71  72  73  74  75  76  77  78  79  80
  81  82  83  84  85  86  87  88  89  90  91  92  93  94  95  96  97  98
  99 100 101 102 103 104 105 106 107 108 109 110 111 112 113 114 115]

Row 31:
  Domain 0: centroid = 4.09, value = 0, length = 55, indices = [  0   1   2   3   4   5   6   7   8   9  10  11  12  13  14  15  16  17
  18  19  20  22  23  24  26  27  28  29  30  31  33  37 103 105 106 107
 108 109 110 111 112 113 115 116 117 118 119 120 121 122 123 124 125 126
 127]
  Domain 1: centroid = 68.05, value = 1, length = 69, indices = [ 32  34  35  36  38  39  40  41  42  43  44  45  46  47  48  49  50  51
  52  53  54  55  56  57  58  59  60  61  62  63  64  65  66  67  68  69
  70  71  72  73  74  75  76  77  78  79  80  81  82  83  84  85  86  87
  88  89  90  92  93  94  95  96  97  98  99 100 101 102 104]

Row 32:
  Domain 0: centroid = 17.08, value = 0, length = 57, indices = [  0   1   2   3   4   5   6   7   8   9  10  11  12  13  14  15  16  17
  18  19  20  21  22  23  24  25  26  27  28  29  30  31  32  33  34  35
  36  37  39  40  41  42  45  46  49  51 115 117 118 119 121 122 123 124
 125 126 127]
  Domain 1: centroid = 81.08, value = 1, length = 71, indices = [ 38  43  44  47  48  50  52  53  54  55  56  57  58  59  60  61  62  63
  64  65  66  67  68  69  70  71  72  73  74  75  76  77  78  79  80  81
  82  83  84  85  86  87  88  89  90  91  92  93  94  95  96  97  98  99
 100 101 102 103 104 105 106 107 108 109 110 111 112 113 114 116 120]

Row 33:
  Domain 0: centroid = 17.43, value = 0, length = 56, indices = [  0   1   2   3   4   5   6   7   8   9  10  11  12  13  14  15  16  17
  18  19  20  21  22  23  24  25  26  27  28  29  30  31  32  33  34  35
  36  37  38  39  40  41  43  45  48  49 107 110 114 116 119 121 122 125
 126 127]
  Domain 1: centroid = 81.43, value = 1, length = 72, indices = [ 42  44  46  47  50  51  52  53  54  55  56  57  58  59  60  61  62  63
  64  65  66  67  68  69  70  71  72  73  74  75  76  77  78  79  80  81
  82  83  84  85  86  87  88  89  90  91  92  93  94  95  96  97  98  99
 100 101 102 103 104 105 106 108 109 111 112 113 115 117 118 120 123 124]

Row 34:
  Domain 0: centroid = 0.97, value = 0, length = 55, indices = [  0   1   2   3   4   5   6   7   8   9  10  11  12  13  14  15  16  17
  18  19  20  21  22  23  24  25  26  30  31  95  99 100 105 106 107 108
 109 110 111 112 113 114 115 116 117 118 119 120 121 122 123 124 125 126
 127]
  Domain 1: centroid = 64.97, value = 1, length = 73, indices = [ 27  28  29  32  33  34  35  36  37  38  39  40  41  42  43  44  45  46
  47  48  49  50  51  52  53  54  55  56  57  58  59  60  61  62  63  64
  65  66  67  68  69  70  71  72  73  74  75  76  77  78  79  80  81  82
  83  84  85  86  87  88  89  90  91  92  93  94  96  97  98 101 102 103
 104]

Row 35:
  Domain 0: centroid = 113.51, value = 0, length = 52, indices = [  0   1   2   3   4   5   6   7   8   9  12  13  86  88  90  91  92  93
  94  95  96  97  98  99 100 101 102 103 104 105 106 107 108 109 110 111
 112 113 114 115 116 117 118 119 120 121 122 123 124 125 126 127]
  Domain 1: centroid = 50.56, value = 1, length = 74, indices = [10 11 14 15 16 17 18 20 22 23 24 25 26 27 28 29 30 31 32 33 34 35 36 37
 38 39 40 41 42 43 44 45 46 47 48 49 50 51 52 53 54 55 56 57 58 59 60 61
 62 63 64 65 66 67 68 69 70 71 72 73 74 75 76 77 78 79 80 81 82 83 84 85
 87 89]

Row 36:
  Domain 0: centroid = 112.99, value = 0, length = 57, indices = [  0   1   2   3   4   5   6   7   8   9  10  11  12  17  84  85  86  88
  89  90  91  92  93  94  95  96  97  98  99 100 101 102 103 104 105 106
 107 108 109 110 111 112 113 114 115 116 117 118 119 120 121 122 123 124
 125 126 127]
  Domain 1: centroid = 48.99, value = 1, length = 71, indices = [13 14 15 16 18 19 20 21 22 23 24 25 26 27 28 29 30 31 32 33 34 35 36 37
 38 39 40 41 42 43 44 45 46 47 48 49 50 51 52 53 54 55 56 57 58 59 60 61
 62 63 64 65 66 67 68 69 70 71 72 73 74 75 76 77 78 79 80 81 82 83 87]

Row 37:
  Domain 0: centroid = 110.51, value = 0, length = 54, indices = [  0   1   2   3   4   5   6   8  11  12  82  84  85  86  88  89  90  91
  92  93  94  95  96  97  98  99 100 101 102 103 104 105 106 107 108 109
 110 111 112 113 114 115 116 117 118 119 120 121 122 123 124 125 126 127]
  Domain 1: centroid = 46.51, value = 1, length = 74, indices = [ 7  9 10 13 14 15 16 17 18 19 20 21 22 23 24 25 26 27 28 29 30 31 32 33
 34 35 36 37 38 39 40 41 42 43 44 45 46 47 48 49 50 51 52 53 54 55 56 57
 58 59 60 61 62 63 64 65 66 67 68 69 70 71 72 73 74 75 76 77 78 79 80 81
 83 87]

Row 38:
  Domain 0: centroid = 117.50, value = 0, length = 56, indices = [  0   1   2   3   4   5   6   7   8   9  10  11  12  13  14  15  20  24
  87  88  92  93  94  95  96  97  98  99 100 101 102 103 104 105 106 107
 108 109 110 111 112 113 114 115 116 117 118 119 120 121 122 123 124 125
 126 127]
  Domain 1: centroid = 53.50, value = 1, length = 72, indices = [16 17 18 19 21 22 23 25 26 27 28 29 30 31 32 33 34 35 36 37 38 39 40 41
 42 43 44 45 46 47 48 49 50 51 52 53 54 55 56 57 58 59 60 61 62 63 64 65
 66 67 68 69 70 71 72 73 74 75 76 77 78 79 80 81 82 83 84 85 86 89 90 91]

Row 39:
  Domain 0: centroid = 118.06, value = 0, length = 57, indices = [  0   1   2   3   4   5   6   7   8   9  11  12  13  14  15  16  17  21
  25  86  88  91  93  94  95  96  97  98  99 100 101 102 103 104 105 106
 107 108 109 110 111 112 113 114 115 116 117 118 119 120 121 122 123 124
 125 126 127]
  Domain 1: centroid = 54.49, value = 1, length = 70, indices = [18 19 20 22 23 24 26 27 28 29 30 31 32 33 34 35 36 37 38 39 40 41 42 43
 44 45 46 47 48 49 50 51 52 53 54 55 56 57 58 59 60 61 62 63 64 65 66 67
 68 69 70 71 72 73 74 75 76 77 78 79 80 81 82 83 84 85 87 89 90 92]

Row 40:
  Domain 0: centroid = 123.96, value = 0, length = 55, indices = [  0   1   2   3   4   5   6   7   8   9  10  11  12  13  14  15  16  17
  18  19  20  22  23  24  95  97  98  99 100 101 103 104 105 106 107 108
 109 110 111 112 113 114 115 116 117 118 119 120 121 122 123 124 125 126
 127]
  Domain 1: centroid = 59.51, value = 1, length = 72, indices = [21 25 26 27 28 29 30 31 32 33 34 35 36 37 38 39 40 41 42 43 44 45 46 47
 48 49 50 51 52 53 54 55 56 57 58 59 60 61 62 63 64 65 66 67 68 69 70 71
 72 73 74 75 76 77 78 79 80 81 82 83 84 85 86 87 88 89 90 91 92 93 94 96]

Row 41:
  Domain 0: centroid = 118.02, value = 0, length = 55, indices = [  0   1   2   3   4   5   6   7   8   9  10  11  12  13  14  17  18  19
  90  91  92  94  95  96  97  98  99 100 101 102 103 104 105 106 107 108
 109 110 111 112 113 114 115 116 117 118 119 120 121 122 123 124 125 126
 127]
  Domain 1: centroid = 54.02, value = 1, length = 73, indices = [15 16 20 21 22 23 24 25 26 27 28 29 30 31 32 33 34 35 36 37 38 39 40 41
 42 43 44 45 46 47 48 49 50 51 52 53 54 55 56 57 58 59 60 61 62 63 64 65
 66 67 68 69 70 71 72 73 74 75 76 77 78 79 80 81 82 83 84 85 86 87 88 89
 93]

Row 42:
  Domain 0: centroid = 116.50, value = 0, length = 48, indices = [  0   1   2   3   4   5   6   7   8   9  10  12  14  90  94  95  96  97
  98  99 100 101 102 103 104 105 106 107 108 109 110 111 112 113 114 115
 116 117 118 119 120 121 122 123 124 125 126 127]
  Domain 1: centroid = 53.05, value = 1, length = 79, indices = [11 13 15 16 17 18 19 21 22 23 24 25 26 27 28 29 30 31 32 33 34 35 36 37
 38 39 40 41 42 43 44 45 46 47 48 49 50 51 52 53 54 55 56 57 58 59 60 61
 62 63 64 65 66 67 68 69 70 71 72 73 74 75 76 77 78 79 80 81 82 83 84 85
 86 87 88 89 91 92 93]

Row 43:
  Domain 0: centroid = 118.50, value = 0, length = 56, indices = [  0   1   2   3   4   5   6   7   8   9  10  11  12  13  14  15  17  20
  21  88  91  92  93  95  96  97  98  99 100 101 102 103 104 105 106 107
 108 109 110 111 112 113 114 115 116 117 118 119 120 121 122 123 124 125
 126 127]
  Domain 1: centroid = 55.00, value = 1, length = 71, indices = [16 18 19 22 23 24 25 26 27 29 30 31 32 33 34 35 36 37 38 39 40 41 42 43
 44 45 46 47 48 49 50 51 52 53 54 55 56 57 58 59 60 61 62 63 64 65 66 67
 68 69 70 71 72 73 74 75 76 77 78 79 80 81 82 83 84 85 86 87 89 90 94]

Row 44:
  Domain 0: centroid = 119.96, value = 0, length = 55, indices = [  0   1   2   3   4   5   6   7   8   9  10  11  12  13  15  18  19  20
  21  22  90  91  92  93  96  97  98  99 100 101 103 104 105 106 107 108
 109 110 111 112 113 114 115 116 117 118 119 120 121 122 123 124 125 126
 127]
  Domain 1: centroid = 15.67, value = 1, length = 3, indices = [14 16 17]
  Domain 2: centroid = 57.47, value = 1, length = 68, indices = [23 24 25 26 27 29 30 31 32 33 34 35 36 37 38 39 40 41 42 43 44 45 46 47
 48 49 50 51 52 53 54 55 56 57 58 59 60 61 62 63 64 65 66 67 68 69 70 71
 72 73 74 75 76 77 78 79 80 81 82 83 84 85 86 87 88 89 94 95]

Row 45:
  Domain 0: centroid = 14.27, value = 0, length = 52, indices = [  0   1   2   3   4   5   6   7   8   9  10  11  12  13  14  15  16  17
  18  19  20  21  22  23  24  25  26  27  28  29  30  31  32  33  34  35
  36  37  38  39  41 112 115 116 117 118 119 121 122 125 126 127]
  Domain 1: centroid = 76.01, value = 1, length = 71, indices = [ 40  42  43  44  45  46  47  48  49  50  51  52  53  54  55  56  57  58
  59  60  61  62  63  64  65  66  67  68  69  70  71  72  73  74  75  76
  77  78  79  80  81  82  83  84  85  86  87  88  89  90  91  92  93  94
  95  96  97  98  99 100 102 103 105 106 107 108 109 110 111 113 114]
  Domain 2: centroid = 122.33, value = 1, length = 3, indices = [120 123 124]

Row 46:
  Domain 0: centroid = 11.53, value = 0, length = 56, indices = [  0   1   2   3   4   5   6   7   8   9  10  11  12  13  14  15  16  17
  18  19  20  21  22  23  24  25  26  27  28  29  31  32  33  35  36  37
  38  39  40  42 107 111 112 113 114 115 116 118 120 121 122 123 124 125
 126 127]
  Domain 1: centroid = 75.50, value = 1, length = 68, indices = [ 41  43  44  45  46  47  48  49  50  51  52  53  54  55  56  57  58  59
  60  61  62  63  64  65  66  67  68  69  70  71  72  73  74  75  76  77
  78  79  80  81  82  83  84  85  86  87  88  89  90  91  92  93  94  95
  96  97  98  99 100 101 102 103 104 105 106 108 109 110]

Row 47:
  Domain 0: centroid = 7.48, value = 0, length = 56, indices = [  0   1   2   3   4   5   6   7   8   9  10  11  12  13  14  15  16  17
  18  19  20  21  22  23  24  25  26  27  28  29  30  32  33  34  35  36
 104 105 108 110 112 113 114 115 116 117 118 119 120 121 122 123 124 125
 126 127]
  Domain 1: centroid = 71.96, value = 1, length = 71, indices = [ 37  38  39  40  41  42  43  44  45  46  47  48  49  50  51  52  53  54
  55  56  57  58  59  60  61  62  63  64  65  66  67  68  69  70  71  72
  73  74  75  76  77  78  79  80  81  82  83  84  85  86  87  88  89  90
  91  92  93  94  95  96  97  98  99 100 101 102 103 106 107 109 111]

Row 48:
  Domain 0: centroid = 117.57, value = 0, length = 46, indices = [  0   1   2   3   4   5   6   7   8   9  12  13  14  95  96  97  98  99
 100 101 102 103 104 105 106 107 108 109 110 111 112 113 114 115 116 117
 118 119 120 121 122 123 124 125 126 127]
  Domain 1: centroid = 83.40, value = 0, length = 5, indices = [78 79 84 87 89]
  Domain 2: centroid = 50.84, value = 1, length = 77, indices = [10 11 15 16 17 18 19 20 21 22 23 24 25 26 27 28 29 30 31 32 33 34 35 36
 37 38 39 40 41 42 43 44 45 46 47 48 49 50 51 52 53 54 55 56 57 58 59 60
 61 62 63 64 65 66 67 68 69 70 71 72 73 74 75 76 77 80 81 82 83 85 86 88
 90 91 92 93 94]

Row 49:
  Domain 0: centroid = 103.93, value = 0, length = 53, indices = [  0   2   5  68  72  77  80  81  83  84  85  86  87  88  89  90  91  92
  93  94  95  96  97  98  99 100 101 102 103 104 105 106 107 108 109 110
 111 112 113 114 115 116 117 118 119 120 121 122 123 124 125 126 127]
  Domain 1: centroid = 40.47, value = 1, length = 74, indices = [ 1  3  4  6  7  8  9 10 12 13 14 15 16 17 18 19 20 21 22 23 24 25 26 27
 28 29 30 31 32 33 34 35 36 37 38 39 40 41 42 43 44 45 46 47 48 49 50 51
 52 53 54 55 56 57 58 59 60 61 62 63 64 65 66 67 69 70 71 73 74 75 76 78
 79 82]

Row 50:
  Domain 0: centroid = 98.49, value = 0, length = 54, indices = [  1  67  69  70  73  76  77  78  79  80  81  82  83  84  85  86  87  88
  89  90  91  92  93  94  95  96  97  98  99 100 101 102 103 104 105 106
 107 108 109 110 111 112 113 114 115 116 117 118 119 121 122 123 125 126]
  Domain 1: centroid = 34.49, value = 1, length = 74, indices = [  0   2   3   4   5   6   7   8   9  10  11  12  13  14  15  16  17  18
  19  20  21  22  23  24  25  26  27  28  29  30  31  32  33  34  35  36
  37  38  39  40  41  42  43  44  45  46  47  48  49  50  51  52  53  54
  55  56  57  58  59  60  61  62  63  64  65  66  68  71  72  74  75 120
 124 127]

Row 51:
  Domain 0: centroid = 94.29, value = 0, length = 54, indices = [  2  65  67  69  70  71  72  73  74  75  76  77  78  79  80  81  82  83
  85  86  87  88  89  90  91  92  93  94  95  96  97  98  99 100 101 102
 103 104 105 106 107 108 109 110 111 112 113 114 115 116 117 119 121 125]
  Domain 1: centroid = 29.52, value = 1, length = 72, indices = [  0   1   3   4   5   6   7   8   9  10  11  12  13  14  15  16  17  18
  19  20  21  22  23  24  25  26  27  28  29  30  31  32  33  34  35  36
  37  38  39  40  41  42  43  44  45  46  47  48  49  50  51  52  53  54
  55  56  58  59  60  61  62  63  64  66  68 118 120 122 123 124 126 127]

Row 52:
  Domain 0: centroid = 90.02, value = 0, length = 53, indices = [ 60  62  63  64  66  67  68  69  72  73  74  75  76  77  78  79  80  81
  82  83  84  85  86  87  88  89  90  91  92  93  94  95  96  97  98  99
 100 101 102 103 104 105 106 107 110 111 112 113 114 115 117 118 120]
  Domain 1: centroid = 26.85, value = 1, length = 73, indices = [  0   1   2   3   4   5   6   7   8   9  10  11  12  13  14  15  16  17
  18  19  20  21  22  23  24  25  26  27  28  29  30  31  32  33  34  35
  36  37  38  39  40  41  42  43  44  45  46  47  48  49  50  51  52  53
  54  55  56  57  58  59  61  65  70  71 116 119 121 122 123 124 125 126
 127]

Row 53:
  Domain 0: centroid = 102.45, value = 0, length = 60, indices = [  1   2   4   5   8  67  68  69  70  75  76  77  80  81  82  83  84  85
  86  87  88  89  90  91  92  93  94  95  96  97  98  99 100 101 102 103
 104 105 106 107 108 109 110 111 112 113 114 115 116 117 118 119 120 121
 122 123 124 125 126 127]
  Domain 1: centroid = 38.45, value = 1, length = 68, indices = [ 0  3  6  7  9 10 11 12 13 14 15 16 17 18 19 20 21 22 23 24 25 26 27 28
 29 30 31 32 33 34 35 36 37 38 39 40 41 42 43 44 45 46 47 48 49 50 51 52
 53 54 55 56 57 58 59 60 61 62 63 64 65 66 71 72 73 74 78 79]

Row 54:
  Domain 0: centroid = 106.07, value = 0, length = 59, indices = [  0   3   4   5   6   9  11  13  75  77  78  80  81  82  83  84  85  86
  87  88  89  90  91  92  93  94  95  96  97  98  99 100 101 102 103 104
 105 106 107 108 109 110 111 112 113 114 115 116 117 118 119 120 121 122
 123 124 125 126 127]
  Domain 1: centroid = 42.07, value = 1, length = 69, indices = [ 1  2  7  8 10 12 14 15 16 17 18 19 20 21 22 23 24 25 26 27 28 29 30 31
 32 33 34 35 36 37 38 39 40 41 42 43 44 45 46 47 48 49 50 51 52 53 54 55
 56 57 58 59 60 61 62 63 64 65 66 67 68 69 70 71 72 73 74 76 79]

Row 55:
  Domain 0: centroid = 103.97, value = 0, length = 55, indices = [  0   3   4   5   6  68  73  75  77  80  81  82  84  85  86  87  88  89
  90  91  92  93  94  95  96  97  98  99 100 101 102 103 104 105 106 107
 108 109 110 111 112 113 114 115 116 117 118 119 120 121 122 123 124 125
 126]
  Domain 1: centroid = 39.97, value = 1, length = 73, indices = [  1   2   7   8   9  10  11  12  13  14  15  16  17  18  19  20  21  22
  23  24  25  26  27  28  29  30  31  32  33  34  35  36  37  38  39  40
  41  42  43  44  45  46  47  48  49  50  51  52  53  54  55  56  57  58
  59  60  61  62  63  64  65  66  67  69  70  71  72  74  76  78  79  83
 127]

Row 56:
  Domain 0: centroid = 109.49, value = 0, length = 56, indices = [  0   1   2   3   5   6   7   8   9  10  77  82  83  84  85  86  88  89
  90  91  92  93  94  95  96  97  98  99 100 101 102 103 104 105 106 107
 108 109 110 111 112 113 114 115 116 117 118 119 120 121 122 123 124 125
 126 127]
  Domain 1: centroid = 45.49, value = 1, length = 70, indices = [11 12 13 14 15 16 17 18 19 20 21 22 23 24 25 26 27 28 29 30 31 32 33 34
 35 36 37 38 39 40 41 42 43 44 45 46 47 48 49 50 51 52 53 54 55 56 57 58
 59 60 61 62 63 64 65 66 67 68 69 70 71 72 73 74 75 76 78 79 80 81]

Row 57:
  Domain 0: centroid = 107.07, value = 0, length = 57, indices = [  0   1   2   3   4   6   7  12  13  70  75  79  81  82  84  85  86  87
  88  89  90  91  92  93  94  95  96  97  98  99 100 101 102 103 104 105
 106 107 108 109 110 111 112 113 114 115 116 117 118 119 120 121 122 123
 124 125 126]
  Domain 1: centroid = 43.50, value = 1, length = 70, indices = [ 5  8  9 10 11 14 15 16 17 18 19 20 21 22 23 24 25 26 27 28 29 30 31 32
 33 34 35 36 37 38 39 40 41 42 43 44 45 46 47 48 49 50 51 52 53 54 55 56
 57 58 59 60 61 62 63 64 65 66 67 68 69 71 72 73 74 76 77 78 80 83]

Row 58:
  Domain 0: centroid = 111.54, value = 0, length = 58, indices = [  0   1   2   3   4   5   6   9  10  11  12  13  14  77  80  81  86  87
  88  89  90  91  92  93  94  95  96  97  98  99 100 101 102 103 104 105
 106 107 108 109 110 111 112 113 114 115 116 117 118 119 120 121 122 123
 124 125 126 127]
  Domain 1: centroid = 48.97, value = 1, length = 67, indices = [15 16 17 18 19 20 21 22 24 25 26 27 28 29 30 31 32 33 34 35 36 37 38 39
 40 41 42 43 44 45 46 47 48 49 50 51 52 53 54 55 56 57 58 59 60 61 62 63
 64 65 66 67 68 69 70 71 72 73 74 75 76 78 79 82 83 84 85]

Row 59:
  Domain 0: centroid = 111.13, value = 0, length = 57, indices = [  0   1   2   4   5   6   7   9  12  14  15  17  82  84  85  86  87  88
  89  90  91  92  93  94  95  96  97  98  99 100 101 102 103 104 105 106
 107 108 109 110 111 112 113 114 115 116 117 118 119 120 121 122 123 124
 125 126 127]
  Domain 1: centroid = 46.63, value = 1, length = 70, indices = [ 3  8 10 11 13 16 18 19 20 21 22 23 24 25 26 27 28 29 30 31 32 33 34 35
 36 37 38 39 40 41 42 43 44 45 46 47 48 49 50 51 52 53 54 55 56 57 58 59
 60 61 62 63 64 65 66 67 68 69 70 71 72 74 75 76 77 78 79 80 81 83]

Row 60:
  Domain 0: centroid = 120.48, value = 0, length = 56, indices = [  0   1   2   3   4   5   6   7   8   9  10  11  12  13  14  16  17  18
  22  23  26  86  87  91  94  95  96  99 100 101 102 103 104 105 106 107
 108 109 110 111 112 113 114 115 116 117 118 119 120 121 122 123 124 125
 126 127]
  Domain 1: centroid = 56.08, value = 1, length = 71, indices = [15 19 20 21 24 25 27 28 29 30 31 32 33 34 35 36 37 38 39 40 41 42 43 44
 45 46 47 48 49 50 51 52 53 54 55 56 57 58 59 60 61 62 63 64 65 66 67 68
 69 70 71 72 74 75 76 77 78 79 80 81 82 83 84 85 88 89 90 92 93 97 98]

Row 61:
  Domain 0: centroid = 123.50, value = 0, length = 58, indices = [  0   1   2   3   4   5   6   7   8   9  10  11  12  13  14  15  16  17
  18  19  20  22  23  25  28  93  95  96  97  98 100 101 102 103 104 105
 106 107 108 109 110 111 112 113 114 115 116 117 118 119 120 121 122 123
 124 125 126 127]
  Domain 1: centroid = 59.50, value = 1, length = 70, indices = [21 24 26 27 29 30 31 32 33 34 35 36 37 38 39 40 41 42 43 44 45 46 47 48
 49 50 51 52 53 54 55 56 57 58 59 60 61 62 63 64 65 66 67 68 69 70 71 72
 73 74 75 76 77 78 79 80 81 82 83 84 85 86 87 88 89 90 91 92 94 99]

Row 62:
  Domain 0: centroid = 124.00, value = 0, length = 57, indices = [  0   1   2   3   4   5   6   7   8   9  10  11  12  13  14  15  16  17
  18  19  20  21  22  23  24  96  97  98  99 100 101 102 103 104 105 106
 107 108 109 110 111 112 113 114 115 116 117 118 119 120 121 122 123 124
 125 126 127]
  Domain 1: centroid = 60.00, value = 1, length = 71, indices = [25 26 27 28 29 30 31 32 33 34 35 36 37 38 39 40 41 42 43 44 45 46 47 48
 49 50 51 52 53 54 55 56 57 58 59 60 61 62 63 64 65 66 67 68 69 70 71 72
 73 74 75 76 77 78 79 80 81 82 83 84 85 86 87 88 89 90 91 92 93 94 95]

Row 63:
  Domain 0: centroid = 124.00, value = 0, length = 57, indices = [  0   1   2   3   4   5   6   7   8   9  10  11  12  13  14  15  16  17
  18  19  20  21  22  23  24  96  97  98  99 100 101 102 103 104 105 106
 107 108 109 110 111 112 113 114 115 116 117 118 119 120 121 122 123 124
 125 126 127]
  Domain 1: centroid = 60.00, value = 1, length = 71, indices = [25 26 27 28 29 30 31 32 33 34 35 36 37 38 39 40 41 42 43 44 45 46 47 48
 49 50 51 52 53 54 55 56 57 58 59 60 61 62 63 64 65 66 67 68 69 70 71 72
 73 74 75 76 77 78 79 80 81 82 83 84 85 86 87 88 89 90 91 92 93 94 95]

Row 64:
  Domain 0: centroid = 124.00, value = 0, length = 57, indices = [  0   1   2   3   4   5   6   7   8   9  10  11  12  13  14  15  16  17
  18  19  20  21  22  23  24  96  97  98  99 100 101 102 103 104 105 106
 107 108 109 110 111 112 113 114 115 116 117 118 119 120 121 122 123 124
 125 126 127]
  Domain 1: centroid = 60.00, value = 1, length = 71, indices = [25 26 27 28 29 30 31 32 33 34 35 36 37 38 39 40 41 42 43 44 45 46 47 48
 49 50 51 52 53 54 55 56 57 58 59 60 61 62 63 64 65 66 67 68 69 70 71 72
 73 74 75 76 77 78 79 80 81 82 83 84 85 86 87 88 89 90 91 92 93 94 95]

Row 65:
  Domain 0: centroid = 124.00, value = 0, length = 57, indices = [  0   1   2   3   4   5   6   7   8   9  10  11  12  13  14  15  16  17
  18  19  20  21  22  23  24  96  97  98  99 100 101 102 103 104 105 106
 107 108 109 110 111 112 113 114 115 116 117 118 119 120 121 122 123 124
 125 126 127]
  Domain 1: centroid = 60.00, value = 1, length = 71, indices = [25 26 27 28 29 30 31 32 33 34 35 36 37 38 39 40 41 42 43 44 45 46 47 48
 49 50 51 52 53 54 55 56 57 58 59 60 61 62 63 64 65 66 67 68 69 70 71 72
 73 74 75 76 77 78 79 80 81 82 83 84 85 86 87 88 89 90 91 92 93 94 95]

Row 66:
  Domain 0: centroid = 124.00, value = 0, length = 57, indices = [  0   1   2   3   4   5   6   7   8   9  10  11  12  13  14  15  16  17
  18  19  20  21  22  23  24  96  97  98  99 100 101 102 103 104 105 106
 107 108 109 110 111 112 113 114 115 116 117 118 119 120 121 122 123 124
 125 126 127]
  Domain 1: centroid = 60.00, value = 1, length = 71, indices = [25 26 27 28 29 30 31 32 33 34 35 36 37 38 39 40 41 42 43 44 45 46 47 48
 49 50 51 52 53 54 55 56 57 58 59 60 61 62 63 64 65 66 67 68 69 70 71 72
 73 74 75 76 77 78 79 80 81 82 83 84 85 86 87 88 89 90 91 92 93 94 95]

Row 67:
  Domain 0: centroid = 124.00, value = 0, length = 57, indices = [  0   1   2   3   4   5   6   7   8   9  10  11  12  13  14  15  16  17
  18  19  20  21  22  23  24  96  97  98  99 100 101 102 103 104 105 106
 107 108 109 110 111 112 113 114 115 116 117 118 119 120 121 122 123 124
 125 126 127]
  Domain 1: centroid = 60.00, value = 1, length = 71, indices = [25 26 27 28 29 30 31 32 33 34 35 36 37 38 39 40 41 42 43 44 45 46 47 48
 49 50 51 52 53 54 55 56 57 58 59 60 61 62 63 64 65 66 67 68 69 70 71 72
 73 74 75 76 77 78 79 80 81 82 83 84 85 86 87 88 89 90 91 92 93 94 95]

Row 68:
  Domain 0: centroid = 124.00, value = 0, length = 57, indices = [  0   1   2   3   4   5   6   7   8   9  10  11  12  13  14  15  16  17
  18  19  20  21  22  23  24  96  97  98  99 100 101 102 103 104 105 106
 107 108 109 110 111 112 113 114 115 116 117 118 119 120 121 122 123 124
 125 126 127]
  Domain 1: centroid = 60.00, value = 1, length = 71, indices = [25 26 27 28 29 30 31 32 33 34 35 36 37 38 39 40 41 42 43 44 45 46 47 48
 49 50 51 52 53 54 55 56 57 58 59 60 61 62 63 64 65 66 67 68 69 70 71 72
 73 74 75 76 77 78 79 80 81 82 83 84 85 86 87 88 89 90 91 92 93 94 95]

Row 69:
  Domain 0: centroid = 124.00, value = 0, length = 57, indices = [  0   1   2   3   4   5   6   7   8   9  10  11  12  13  14  15  16  17
  18  19  20  21  22  23  24  96  97  98  99 100 101 102 103 104 105 106
 107 108 109 110 111 112 113 114 115 116 117 118 119 120 121 122 123 124
 125 126 127]
  Domain 1: centroid = 60.00, value = 1, length = 71, indices = [25 26 27 28 29 30 31 32 33 34 35 36 37 38 39 40 41 42 43 44 45 46 47 48
 49 50 51 52 53 54 55 56 57 58 59 60 61 62 63 64 65 66 67 68 69 70 71 72
 73 74 75 76 77 78 79 80 81 82 83 84 85 86 87 88 89 90 91 92 93 94 95]

Row 70:
  Domain 0: centroid = 124.00, value = 0, length = 57, indices = [  0   1   2   3   4   5   6   7   8   9  10  11  12  13  14  15  16  17
  18  19  20  21  22  23  24  96  97  98  99 100 101 102 103 104 105 106
 107 108 109 110 111 112 113 114 115 116 117 118 119 120 121 122 123 124
 125 126 127]
  Domain 1: centroid = 60.00, value = 1, length = 71, indices = [25 26 27 28 29 30 31 32 33 34 35 36 37 38 39 40 41 42 43 44 45 46 47 48
 49 50 51 52 53 54 55 56 57 58 59 60 61 62 63 64 65 66 67 68 69 70 71 72
 73 74 75 76 77 78 79 80 81 82 83 84 85 86 87 88 89 90 91 92 93 94 95]

Row 71:
  Domain 0: centroid = 124.00, value = 0, length = 57, indices = [  0   1   2   3   4   5   6   7   8   9  10  11  12  13  14  15  16  17
  18  19  20  21  22  23  24  96  97  98  99 100 101 102 103 104 105 106
 107 108 109 110 111 112 113 114 115 116 117 118 119 120 121 122 123 124
 125 126 127]
  Domain 1: centroid = 60.00, value = 1, length = 71, indices = [25 26 27 28 29 30 31 32 33 34 35 36 37 38 39 40 41 42 43 44 45 46 47 48
 49 50 51 52 53 54 55 56 57 58 59 60 61 62 63 64 65 66 67 68 69 70 71 72
 73 74 75 76 77 78 79 80 81 82 83 84 85 86 87 88 89 90 91 92 93 94 95]

Row 72:
  Domain 0: centroid = 124.00, value = 0, length = 57, indices = [  0   1   2   3   4   5   6   7   8   9  10  11  12  13  14  15  16  17
  18  19  20  21  22  23  24  96  97  98  99 100 101 102 103 104 105 106
 107 108 109 110 111 112 113 114 115 116 117 118 119 120 121 122 123 124
 125 126 127]
  Domain 1: centroid = 60.00, value = 1, length = 71, indices = [25 26 27 28 29 30 31 32 33 34 35 36 37 38 39 40 41 42 43 44 45 46 47 48
 49 50 51 52 53 54 55 56 57 58 59 60 61 62 63 64 65 66 67 68 69 70 71 72
 73 74 75 76 77 78 79 80 81 82 83 84 85 86 87 88 89 90 91 92 93 94 95]

Row 73:
  Domain 0: centroid = 124.00, value = 0, length = 57, indices = [  0   1   2   3   4   5   6   7   8   9  10  11  12  13  14  15  16  17
  18  19  20  21  22  23  24  96  97  98  99 100 101 102 103 104 105 106
 107 108 109 110 111 112 113 114 115 116 117 118 119 120 121 122 123 124
 125 126 127]
  Domain 1: centroid = 60.00, value = 1, length = 71, indices = [25 26 27 28 29 30 31 32 33 34 35 36 37 38 39 40 41 42 43 44 45 46 47 48
 49 50 51 52 53 54 55 56 57 58 59 60 61 62 63 64 65 66 67 68 69 70 71 72
 73 74 75 76 77 78 79 80 81 82 83 84 85 86 87 88 89 90 91 92 93 94 95]

Row 74:
  Domain 0: centroid = 124.00, value = 0, length = 57, indices = [  0   1   2   3   4   5   6   7   8   9  10  11  12  13  14  15  16  17
  18  19  20  21  22  23  24  96  97  98  99 100 101 102 103 104 105 106
 107 108 109 110 111 112 113 114 115 116 117 118 119 120 121 122 123 124
 125 126 127]
  Domain 1: centroid = 60.00, value = 1, length = 71, indices = [25 26 27 28 29 30 31 32 33 34 35 36 37 38 39 40 41 42 43 44 45 46 47 48
 49 50 51 52 53 54 55 56 57 58 59 60 61 62 63 64 65 66 67 68 69 70 71 72
 73 74 75 76 77 78 79 80 81 82 83 84 85 86 87 88 89 90 91 92 93 94 95]

Row 75:
  Domain 0: centroid = 124.00, value = 0, length = 57, indices = [  0   1   2   3   4   5   6   7   8   9  10  11  12  13  14  15  16  17
  18  19  20  21  22  23  24  96  97  98  99 100 101 102 103 104 105 106
 107 108 109 110 111 112 113 114 115 116 117 118 119 120 121 122 123 124
 125 126 127]
  Domain 1: centroid = 60.00, value = 1, length = 71, indices = [25 26 27 28 29 30 31 32 33 34 35 36 37 38 39 40 41 42 43 44 45 46 47 48
 49 50 51 52 53 54 55 56 57 58 59 60 61 62 63 64 65 66 67 68 69 70 71 72
 73 74 75 76 77 78 79 80 81 82 83 84 85 86 87 88 89 90 91 92 93 94 95]

Row 76:
  Domain 0: centroid = 124.00, value = 0, length = 57, indices = [  0   1   2   3   4   5   6   7   8   9  10  11  12  13  14  15  16  17
  18  19  20  21  22  23  24  96  97  98  99 100 101 102 103 104 105 106
 107 108 109 110 111 112 113 114 115 116 117 118 119 120 121 122 123 124
 125 126 127]
  Domain 1: centroid = 60.00, value = 1, length = 71, indices = [25 26 27 28 29 30 31 32 33 34 35 36 37 38 39 40 41 42 43 44 45 46 47 48
 49 50 51 52 53 54 55 56 57 58 59 60 61 62 63 64 65 66 67 68 69 70 71 72
 73 74 75 76 77 78 79 80 81 82 83 84 85 86 87 88 89 90 91 92 93 94 95]

Row 77:
  Domain 0: centroid = 124.00, value = 0, length = 57, indices = [  0   1   2   3   4   5   6   7   8   9  10  11  12  13  14  15  16  17
  18  19  20  21  22  23  24  96  97  98  99 100 101 102 103 104 105 106
 107 108 109 110 111 112 113 114 115 116 117 118 119 120 121 122 123 124
 125 126 127]
  Domain 1: centroid = 60.00, value = 1, length = 71, indices = [25 26 27 28 29 30 31 32 33 34 35 36 37 38 39 40 41 42 43 44 45 46 47 48
 49 50 51 52 53 54 55 56 57 58 59 60 61 62 63 64 65 66 67 68 69 70 71 72
 73 74 75 76 77 78 79 80 81 82 83 84 85 86 87 88 89 90 91 92 93 94 95]

Row 78:
  Domain 0: centroid = 124.00, value = 0, length = 57, indices = [  0   1   2   3   4   5   6   7   8   9  10  11  12  13  14  15  16  17
  18  19  20  21  22  23  24  96  97  98  99 100 101 102 103 104 105 106
 107 108 109 110 111 112 113 114 115 116 117 118 119 120 121 122 123 124
 125 126 127]
  Domain 1: centroid = 60.00, value = 1, length = 71, indices = [25 26 27 28 29 30 31 32 33 34 35 36 37 38 39 40 41 42 43 44 45 46 47 48
 49 50 51 52 53 54 55 56 57 58 59 60 61 62 63 64 65 66 67 68 69 70 71 72
 73 74 75 76 77 78 79 80 81 82 83 84 85 86 87 88 89 90 91 92 93 94 95]

Row 79:
  Domain 0: centroid = 124.00, value = 0, length = 57, indices = [  0   1   2   3   4   5   6   7   8   9  10  11  12  13  14  15  16  17
  18  19  20  21  22  23  24  96  97  98  99 100 101 102 103 104 105 106
 107 108 109 110 111 112 113 114 115 116 117 118 119 120 121 122 123 124
 125 126 127]
  Domain 1: centroid = 60.00, value = 1, length = 71, indices = [25 26 27 28 29 30 31 32 33 34 35 36 37 38 39 40 41 42 43 44 45 46 47 48
 49 50 51 52 53 54 55 56 57 58 59 60 61 62 63 64 65 66 67 68 69 70 71 72
 73 74 75 76 77 78 79 80 81 82 83 84 85 86 87 88 89 90 91 92 93 94 95]

