0 7
1 10
2 7
3 11
4 6
5 5
6 8
7 6
8 10
9 8
10 9
11 8
12 5
13 2
14 3
15 14
16 4
17 15
18 2
19 12
20 7
21 15
22 11
23 8
24 16
25 9
26 7
27 14
28 7
29 7
30 3
31 10
32 9
33 3
34 8
35 10
36 1
37 2
38 0
39 4
40 4
41 1
42 5
43 6
44 6
45 2
46 1
47 2
48 0
49 0
50 8
51 1
52 10
53 5
54 8
55 6
56 1
57 10
58 7
59 4
60 11
61 7
62 10
63 12
64 8
65 14
66 15
67 12
68 10
69 14
70 14
71 15
72 16
73 14
74 10
75 6
76 20
77 11
78 5
79 22
80 10
81 8
82 15
83 19
84 15
85 21
86 20
87 20
88 11
89 23
90 13
91 17
92 22
93 19
94 17
95 20
96 20
97 14
98 10
99 12
100 10
101 14
102 8
103 9
104 20
105 12
106 17
107 12
108 9
109 7
110 3
111 11
112 14
113 12
114 14
115 7
116 12
117 21
118 16
119 6
120 10
121 9
122 18
123 9
124 14
125 11
126 14
127 9
