0 0
1 0
2 1
3 0
4 0
5 1
6 0
7 1
8 0
9 1
10 6
11 2
12 2
13 7
14 1
15 2
16 2
17 4
18 4
19 6
20 1
21 3
22 5
23 4
24 5
25 4
26 10
27 7
28 6
29 4
30 6
31 6
32 12
33 8
34 8
35 10
36 6
37 6
38 8
39 4
40 8
41 5
42 3
43 4
44 4
45 6
46 2
47 8
48 5
49 6
50 2
51 2
52 4
53 5
54 2
55 4
56 5
57 4
58 5
59 10
60 4
61 19
62 14
63 15
64 17
65 16
66 11
67 10
68 15
69 21
70 19
71 10
72 14
73 19
74 18
75 12
76 12
77 16
78 13
79 12
80 12
81 11
82 8
83 4
84 8
85 5
86 7
87 4
88 0
89 4
90 0
91 4
92 0
93 2
94 2
95 0
96 0
97 0
98 0
99 0
100 0
101 0
102 2
103 2
104 0
105 0
106 2
107 2
108 1
109 3
110 1
111 2
112 0
113 4
114 5
115 5
116 8
117 1
118 4
119 2
120 6
121 1
122 3
123 2
124 2
125 1
126 2
127 0
