0 10
1 4
2 2
3 4
4 6
5 6
6 0
7 2
8 0
9 4
10 6
11 4
12 5
13 2
14 3
15 2
16 5
17 5
18 4
19 5
20 5
21 6
22 3
23 3
24 3
25 12
26 6
27 11
28 6
29 5
30 4
31 5
32 3
33 8
34 11
35 10
36 11
37 10
38 7
39 14
40 10
41 9
42 10
43 8
44 5
45 6
46 9
47 5
48 5
49 4
50 6
51 8
52 8
53 5
54 4
55 2
56 2
57 4
58 5
59 6
60 0
61 8
62 6
63 3
64 5
65 2
66 5
67 0
68 1
69 6
70 2
71 0
72 4
73 4
74 5
75 3
76 0
77 4
78 5
79 4
80 6
81 6
82 9
83 2
84 5
85 5
86 2
87 6
88 8
89 4
90 3
91 16
92 0
93 5
94 8
95 10
96 6
97 4
98 4
99 6
100 6
101 7
102 8
103 8
104 8
105 8
106 15
107 17
108 12
109 16
110 9
111 7
112 9
113 8
114 8
115 10
116 13
117 8
118 6
119 7
120 9
121 11
122 2
123 8
124 9
125 2
126 8
127 12
