0 3
1 6
2 1
3 6
4 6
5 9
6 12
7 8
8 9
9 9
10 9
11 6
12 10
13 10
14 6
15 5
16 8
17 7
18 8
19 10
20 9
21 10
22 7
23 10
24 6
25 11
26 5
27 13
28 15
29 15
30 12
31 16
32 6
33 11
34 4
35 8
36 9
37 8
38 5
39 4
40 4
41 3
42 5
43 6
44 3
45 10
46 2
47 2
48 4
49 3
50 2
51 2
52 3
53 4
54 4
55 2
56 10
57 4
58 11
59 9
60 10
61 8
62 5
63 6
64 9
65 7
66 2
67 4
68 9
69 5
70 9
71 12
72 10
73 16
74 7
75 16
76 9
77 9
78 10
79 8
80 5
81 7
82 3
83 5
84 0
85 3
86 0
87 2
88 2
89 0
90 0
91 0
92 0
93 0
94 0
95 0
96 0
97 2
98 0
99 4
100 2
101 2
102 4
103 4
104 4
105 1
106 1
107 3
108 5
109 3
110 4
111 6
112 9
113 5
114 6
115 5
116 6
117 5
118 7
119 5
120 2
121 3
122 1
123 4
124 0
125 2
126 4
127 2
