0 27
1 33
2 41
3 33
4 37
5 32
6 27
7 35
8 21
9 22
10 26
11 24
12 18
13 17
14 26
15 19
16 19
17 19
18 18
19 22
20 25
21 22
22 17
23 9
24 14
25 28
26 20
27 20
28 21
29 15
30 36
31 23
32 26
33 31
34 31
35 24
36 23
37 23
38 27
39 25
40 27
41 26
42 44
43 38
44 44
45 27
46 40
47 35
48 36
49 45
50 46
51 44
52 31
53 51
54 35
55 41
56 39
57 41
58 36
59 22
60 27
61 30
62 35
63 29
64 27
65 19
66 19
67 27
68 26
69 24
70 20
71 24
72 20
73 18
74 9
75 8
76 8
77 22
78 14
79 14
80 9
81 9
82 18
83 11
84 23
85 18
86 11
87 7
88 15
89 10
90 8
91 14
92 14
93 10
94 18
95 25
96 10
97 12
98 12
99 12
100 24
101 10
102 22
103 18
104 12
105 21
106 29
107 17
108 25
109 24
110 27
111 22
112 30
113 34
114 44
115 42
116 27
117 33
118 39
119 48
120 42
121 40
122 33
123 39
124 37
125 50
126 34
127 35
