0 8
1 5
2 9
3 7
4 6
5 4
6 8
7 8
8 10
9 14
10 6
11 6
12 11
13 5
14 3
15 7
16 0
17 5
18 4
19 2
20 5
21 6
22 5
23 2
24 2
25 3
26 0
27 4
28 5
29 0
30 2
31 4
32 4
33 3
34 3
35 5
36 1
37 1
38 7
39 3
40 5
41 2
42 6
43 0
44 6
45 4
46 0
47 6
48 5
49 9
50 5
51 6
52 7
53 8
54 7
55 5
56 5
57 5
58 12
59 7
60 10
61 8
62 11
63 6
64 8
65 7
66 7
67 3
68 4
69 8
70 6
71 9
72 2
73 1
74 3
75 7
76 4
77 1
78 5
79 4
80 9
81 4
82 2
83 8
84 3
85 6
86 10
87 0
88 4
89 4
90 0
91 6
92 3
93 4
94 0
95 7
96 2
97 0
98 2
99 0
100 0
101 1
102 0
103 2
104 0
105 2
106 0
107 0
108 1
109 5
110 1
111 3
112 4
113 2
114 4
115 5
116 1
117 3
118 2
119 8
120 6
121 0
122 5
123 7
124 5
125 4
126 8
127 4
