0 28
1 12
2 16
3 26
4 23
5 20
6 18
7 28
8 16
9 12
10 14
11 14
12 21
13 19
14 22
15 19
16 17
17 18
18 20
19 16
20 19
21 26
22 23
23 19
24 26
25 30
26 32
27 26
28 28
29 28
30 37
31 21
32 23
33 23
34 24
35 39
36 41
37 24
38 30
39 40
40 33
41 20
42 21
43 24
44 26
45 17
46 21
47 22
48 15
49 20
50 27
51 13
52 14
53 6
54 12
55 13
56 12
57 12
58 17
59 14
60 8
61 13
62 16
63 10
64 6
65 17
66 23
67 8
68 4
69 14
70 14
71 7
72 20
73 10
74 2
75 10
76 14
77 16
78 8
79 20
80 10
81 27
82 21
83 13
84 17
85 16
86 23
87 24
88 11
89 12
90 16
91 24
92 18
93 16
94 32
95 29
96 16
97 18
98 37
99 35
100 23
101 39
102 25
103 32
104 26
105 34
106 52
107 31
108 33
109 28
110 44
111 31
112 31
113 28
114 21
115 31
116 30
117 15
118 28
119 23
120 19
121 15
122 28
123 17
124 17
125 22
126 32
127 13
