0 604
1 661
2 618
3 608
4 611
5 600
6 587
7 629
8 545
9 612
10 603
11 625
12 638
13 619
14 662
15 592
16 609
17 598
18 624
19 657
20 624
21 705
22 687
23 658
24 657
25 669
26 723
27 650
28 646
29 730
30 688
31 700
32 703
33 737
34 723
35 660
36 720
37 782
38 746
39 722
40 718
41 728
42 769
43 769
44 702
45 740
46 690
47 777
48 727
49 720
50 760
51 789
52 715
53 701
54 745
55 749
56 721
57 717
58 744
59 721
60 740
61 693
62 696
63 733
64 689
65 647
66 732
67 728
68 665
69 729
70 713
71 669
72 697
73 724
74 685
75 622
76 666
77 726
78 674
79 728
80 665
81 618
82 650
83 699
84 670
85 690
86 622
87 681
88 699
89 676
90 674
91 690
92 726
93 670
94 695
95 684
96 641
97 660
98 666
99 656
100 716
101 710
102 708
103 647
104 664
105 647
106 684
107 703
108 661
109 700
110 625
111 715
112 668
113 619
114 646
115 662
116 652
117 663
118 632
119 602
120 665
121 662
122 615
123 602
124 660
125 572
126 649
127 681
