0 448
1 436
2 440
3 429
4 409
5 406
6 437
7 425
8 449
9 427
10 391
11 411
12 428
13 403
14 399
15 363
16 379
17 428
18 351
19 376
20 425
21 391
22 403
23 404
24 369
25 451
26 405
27 418
28 405
29 363
30 416
31 433
32 409
33 432
34 398
35 467
36 389
37 421
38 436
39 409
40 422
41 447
42 402
43 452
44 466
45 410
46 487
47 477
48 494
49 420
50 468
51 488
52 424
53 447
54 451
55 456
56 499
57 464
58 506
59 466
60 468
61 472
62 520
63 482
64 465
65 511
66 504
67 471
68 473
69 525
70 441
71 457
72 447
73 492
74 442
75 451
76 469
77 481
78 439
79 438
80 418
81 410
82 401
83 460
84 446
85 400
86 410
87 394
88 383
89 442
90 371
91 405
92 431
93 429
94 419
95 397
96 397
97 405
98 393
99 404
100 365
101 429
102 364
103 409
104 455
105 439
106 405
107 431
108 394
109 434
110 437
111 414
112 410
113 435
114 469
115 461
116 469
117 445
118 458
119 467
120 426
121 460
122 453
123 454
124 457
125 447
126 448
127 431
