0 8
1 16
2 11
3 12
4 14
5 15
6 12
7 20
8 17
9 6
10 18
11 12
12 22
13 14
14 13
15 17
16 7
17 15
18 14
19 14
20 14
21 9
22 6
23 4
24 12
25 5
26 2
27 5
28 12
29 3
30 9
31 4
32 7
33 10
34 6
35 7
36 11
37 5
38 8
39 3
40 4
41 5
42 3
43 6
44 4
45 4
46 1
47 4
48 3
49 4
50 0
51 2
52 4
53 2
54 0
55 2
56 0
57 4
58 3
59 4
60 4
61 6
62 2
63 1
64 4
65 4
66 8
67 0
68 4
69 2
70 3
71 2
72 6
73 2
74 1
75 3
76 5
77 3
78 3
79 4
80 6
81 2
82 1
83 4
84 5
85 2
86 1
87 2
88 2
89 2
90 0
91 0
92 0
93 0
94 0
95 0
96 2
97 0
98 0
99 2
100 4
101 0
102 0
103 2
104 4
105 4
106 3
107 1
108 5
109 6
110 7
111 3
112 10
113 10
114 8
115 10
116 7
117 11
118 6
119 8
120 7
121 12
122 19
123 10
124 7
125 12
126 10
127 10
