0 9
1 6
2 10
3 2
4 2
5 9
6 7
7 2
8 4
9 1
10 5
11 8
12 7
13 2
14 3
15 2
16 5
17 2
18 4
19 4
20 2
21 4
22 7
23 4
24 4
25 9
26 4
27 5
28 2
29 7
30 4
31 5
32 2
33 6
34 3
35 5
36 6
37 7
38 9
39 11
40 10
41 9
42 4
43 9
44 6
45 7
46 8
47 11
48 14
49 10
50 6
51 4
52 6
53 13
54 6
55 6
56 7
57 8
58 13
59 6
60 5
61 0
62 10
63 6
64 7
65 8
66 1
67 1
68 7
69 4
70 3
71 2
72 1
73 5
74 1
75 6
76 2
77 1
78 8
79 2
80 5
81 5
82 1
83 2
84 2
85 0
86 0
87 0
88 4
89 4
90 2
91 4
92 0
93 3
94 0
95 1
96 4
97 0
98 4
99 2
100 4
101 4
102 2
103 2
104 3
105 5
106 4
107 1
108 8
109 6
110 12
111 6
112 14
113 12
114 7
115 6
116 8
117 9
118 9
119 11
120 12
121 7
122 8
123 6
124 5
125 10
126 7
127 6
