0 389
1 411
2 461
3 474
4 465
5 467
6 488
7 480
8 480
9 517
10 444
11 476
12 451
13 486
14 467
15 439
16 514
17 497
18 470
19 500
20 446
21 449
22 412
23 450
24 441
25 432
26 408
27 387
28 351
29 329
30 317
31 321
32 318
33 259
34 293
35 272
36 262
37 228
38 204
39 223
40 200
41 193
42 212
43 184
44 188
45 174
46 185
47 182
48 132
49 141
50 160
51 148
52 139
53 134
54 139
55 146
56 149
57 99
58 129
59 127
60 105
61 103
62 110
63 125
64 96
65 112
66 90
67 88
68 83
69 111
70 75
71 94
72 53
73 79
74 90
75 98
76 73
77 88
78 67
79 71
80 71
81 77
82 64
83 63
84 68
85 68
86 77
87 80
88 78
89 73
90 54
91 69
92 57
93 68
94 56
95 56
96 50
97 62
98 53
99 74
100 70
101 64
102 51
103 75
104 67
105 79
106 63
107 87
108 64
109 78
110 79
111 71
112 76
113 90
114 76
115 87
116 83
117 81
118 77
119 90
120 79
121 92
122 102
123 107
124 99
125 116
126 121
127 119
128 95
129 121
130 132
131 135
132 127
133 144
134 141
135 135
136 122
137 114
138 143
139 122
140 182
141 152
142 149
143 157
144 198
145 161
146 198
147 199
148 244
149 218
150 211
151 234
152 214
153 237
154 254
155 281
156 247
157 260
158 316
159 313
160 333
161 352
162 381
163 331
164 321
165 356
166 414
167 409
168 389
169 433
170 416
171 375
172 384
173 392
174 388
175 371
176 401
177 365
178 394
179 390
180 414
181 369
182 409
183 426
184 448
185 442
186 438
187 473
188 437
189 412
190 443
191 421
192 408
193 434
194 380
195 370
196 373
197 324
198 361
199 324
200 323
201 337
202 265
203 243
204 287
205 248
206 261
207 208
208 253
209 210
210 233
211 205
212 199
213 181
214 203
215 190
216 165
217 189
218 162
219 197
220 147
221 156
222 161
223 132
224 140
225 163
226 122
227 145
228 122
229 125
230 96
231 114
232 116
233 111
234 108
235 100
236 82
237 82
238 132
239 92
240 110
241 105
242 106
243 86
244 96
245 74
246 108
247 92
248 101
249 82
250 80
251 84
252 109
253 89
254 85
255 128
256 125
257 89
258 116
259 142
260 81
261 131
262 132
263 131
264 125
265 113
266 120
267 112
268 120
269 133
270 145
271 145
272 157
273 156
274 163
275 142
276 160
277 140
278 147
279 181
280 159
281 162
282 161
283 158
284 173
285 212
286 191
287 174
288 169
289 243
290 238
291 215
292 200
293 202
294 224
295 206
296 234
297 240
298 245
299 235
300 309
301 262
302 283
303 291
304 304
305 298
306 313
307 330
308 361
309 348
310 372
311 312
312 410
313 336
314 343
315 351
316 299
317 284
318 352
319 370
320 302
321 293
322 274
323 311
324 336
325 297
326 304
327 261
328 248
329 262
330 246
331 245
332 279
333 211
334 284
335 219
336 230
337 237
338 267
339 258
340 229
341 223
342 221
343 260
344 266
345 242
346 237
347 240
348 209
349 205
350 218
351 226
352 224
353 228
354 215
355 250
356 197
357 213
358 194
359 208
360 194
361 210
362 179
363 192
364 222
365 204
366 188
367 208
368 211
369 164
370 202
371 196
372 219
373 207
374 195
375 173
376 232
377 230
378 211
379 205
380 188
381 219
382 209
383 181
384 236
385 262
386 261
387 251
388 256
389 292
390 293
391 263
392 269
393 267
394 314
395 271
396 346
397 324
398 356
399 338
400 361
401 321
402 386
403 378
404 394
405 403
406 459
407 382
408 391
409 428
410 448
411 477
412 499
413 469
414 450
415 499
416 526
417 515
418 439
419 491
420 501
421 472
422 478
423 484
424 495
425 498
426 480
427 517
428 486
429 514
430 450
431 463
432 470
433 485
434 456
435 476
436 453
437 446
438 440
439 425
440 423
441 386
442 465
443 405
444 411
445 395
446 372
447 352
448 333
449 371
450 293
451 345
452 324
453 388
454 339
455 264
456 286
457 299
458 312
459 320
460 258
461 283
462 266
463 239
464 245
465 284
466 251
467 219
468 256
469 238
470 219
471 261
472 227
473 221
474 203
475 223
476 201
477 190
478 198
479 256
480 245
481 246
482 234
483 235
484 257
485 208
486 238
487 210
488 258
489 293
490 237
491 272
492 256
493 231
494 239
495 286
496 273
497 282
498 237
499 254
500 303
501 314
502 292
503 350
504 335
505 348
506 342
507 372
508 401
509 400
510 379
511 440
