0 10
1 10
2 12
3 16
4 12
5 13
6 6
7 12
8 10
9 18
10 13
11 6
12 12
13 8
14 11
15 10
16 10
17 9
18 12
19 15
20 4
21 10
22 3
23 4
24 10
25 14
26 10
27 8
28 14
29 11
30 24
31 11
32 5
33 6
34 9
35 14
36 5
37 15
38 14
39 20
40 17
41 22
42 20
43 15
44 16
45 5
46 24
47 17
48 19
49 19
50 23
51 23
52 16
53 21
54 15
55 17
56 29
57 17
58 16
59 15
60 12
61 15
62 16
63 13
64 12
65 12
66 11
67 4
68 10
69 14
70 12
71 4
72 8
73 6
74 6
75 2
76 14
77 10
78 8
79 6
80 9
81 3
82 5
83 4
84 1
85 11
86 5
87 8
88 8
89 12
90 2
91 4
92 6
93 4
94 3
95 6
96 11
97 10
98 6
99 10
100 8
101 4
102 10
103 6
104 9
105 13
106 17
107 13
108 13
109 6
110 7
111 19
112 10
113 9
114 7
115 18
116 8
117 15
118 8
119 11
120 15
121 10
122 9
123 14
124 10
125 14
126 17
127 23
