0 91
1 84
2 96
3 80
4 86
5 82
6 82
7 102
8 102
9 90
10 93
11 69
12 115
13 112
14 100
15 103
16 103
17 97
18 103
19 91
20 103
21 83
22 89
23 103
24 88
25 85
26 73
27 71
28 91
29 80
30 71
31 88
32 76
33 72
34 66
35 79
36 75
37 60
38 81
39 77
40 56
41 65
42 67
43 78
44 61
45 55
46 73
47 51
48 61
49 54
50 38
51 50
52 56
53 44
54 30
55 38
56 51
57 38
58 38
59 49
60 63
61 56
62 60
63 55
64 56
65 60
66 48
67 52
68 45
69 60
70 74
71 72
72 76
73 54
74 75
75 80
76 84
77 83
78 96
79 110
80 93
81 84
82 120
83 100
84 125
85 107
86 106
87 103
88 99
89 109
90 113
91 97
92 115
93 87
94 85
95 93
96 75
97 95
98 63
99 83
100 98
101 67
102 79
103 89
104 85
105 101
106 88
107 81
108 104
109 100
110 95
111 89
112 65
113 78
114 85
115 85
116 65
117 70
118 84
119 74
120 63
121 65
122 69
123 78
124 69
125 88
126 38
127 76
