0 14
1 13
2 19
3 18
4 8
5 10
6 14
7 12
8 12
9 6
10 11
11 12
12 10
13 4
14 7
15 9
16 6
17 13
18 12
19 12
20 5
21 8
22 10
23 3
24 8
25 8
26 8
27 10
28 9
29 2
30 8
31 8
32 6
33 7
34 15
35 11
36 12
37 16
38 12
39 21
40 5
41 12
42 21
43 15
44 25
45 19
46 25
47 23
48 18
49 15
50 14
51 10
52 10
53 12
54 8
55 4
56 17
57 14
58 8
59 6
60 6
61 12
62 10
63 15
64 1
65 6
66 7
67 5
68 6
69 2
70 4
71 8
72 2
73 3
74 2
75 10
76 0
77 10
78 2
79 8
80 5
81 3
82 9
83 10
84 4
85 7
86 5
87 10
88 5
89 12
90 7
91 11
92 10
93 4
94 6
95 6
96 10
97 8
98 22
99 22
100 4
101 20
102 11
103 20
104 12
105 17
106 17
107 15
108 20
109 16
110 17
111 28
112 20
113 19
114 26
115 24
116 28
117 28
118 18
119 25
120 14
121 15
122 14
123 24
124 11
125 13
126 6
127 15
