0 8
1 2
2 1
3 8
4 0
5 3
6 7
7 4
8 2
9 6
10 7
11 2
12 0
13 6
14 5
15 0
16 8
17 4
18 9
19 6
20 5
21 4
22 8
23 5
24 7
25 4
26 12
27 9
28 11
29 13
30 17
31 19
32 12
33 14
34 14
35 18
36 20
37 11
38 14
39 20
40 13
41 12
42 22
43 19
44 17
45 15
46 19
47 20
48 21
49 24
50 22
51 28
52 22
53 18
54 20
55 26
56 29
57 28
58 30
59 22
60 27
61 24
62 16
63 23
64 25
65 22
66 31
67 21
68 29
69 22
70 23
71 22
72 21
73 17
74 13
75 16
76 13
77 11
78 10
79 12
80 6
81 11
82 5
83 8
84 4
85 4
86 3
87 2
88 0
89 4
90 2
91 4
92 2
93 4
94 4
95 2
96 0
97 4
98 2
99 2
100 2
101 0
102 0
103 2
104 4
105 3
106 3
107 3
108 4
109 1
110 2
111 5
112 5
113 4
114 4
115 5
116 13
117 11
118 9
119 11
120 8
121 7
122 12
123 9
124 10
125 13
126 4
127 5
