0 277
1 285
2 328
3 275
4 328
5 286
6 291
7 310
8 300
9 307
10 305
11 317
12 314
13 283
14 288
15 302
16 308
17 299
18 289
19 271
20 275
21 305
22 295
23 255
24 270
25 260
26 266
27 275
28 224
29 240
30 247
31 236
32 225
33 231
34 236
35 211
36 222
37 226
38 213
39 227
40 236
41 217
42 193
43 165
44 202
45 195
46 221
47 203
48 205
49 207
50 219
51 232
52 229
53 201
54 191
55 207
56 200
57 182
58 220
59 185
60 242
61 211
62 233
63 219
64 203
65 232
66 242
67 249
68 264
69 238
70 252
71 295
72 286
73 256
74 280
75 264
76 274
77 295
78 271
79 296
80 274
81 267
82 317
83 259
84 275
85 326
86 268
87 301
88 299
89 282
90 309
91 285
92 289
93 290
94 313
95 304
96 303
97 262
98 304
99 284
100 292
101 296
102 283
103 288
104 263
105 281
106 274
107 292
108 276
109 249
110 319
111 262
112 255
113 276
114 296
115 245
116 266
117 288
118 295
119 280
120 256
121 289
122 268
123 260
124 277
125 290
126 292
127 286
