0 4
1 9
2 10
3 6
4 9
5 3
6 6
7 0
8 7
9 2
10 2
11 2
12 4
13 0
14 1
15 0
16 3
17 7
18 2
19 2
20 2
21 8
22 1
23 5
24 2
25 4
26 2
27 13
28 5
29 4
30 4
31 10
32 7
33 12
34 11
35 10
36 11
37 17
38 11
39 13
40 18
41 11
42 6
43 17
44 27
45 15
46 26
47 21
48 18
49 20
50 16
51 10
52 18
53 10
54 12
55 15
56 13
57 18
58 11
59 12
60 9
61 11
62 4
63 1
64 6
65 7
66 3
67 9
68 11
69 10
70 10
71 10
72 7
73 7
74 4
75 2
76 4
77 7
78 0
79 5
80 6
81 1
82 5
83 8
84 6
85 3
86 3
87 6
88 4
89 4
90 4
91 0
92 2
93 7
94 2
95 10
96 4
97 4
98 4
99 0
100 2
101 2
102 2
103 2
104 4
105 8
106 5
107 6
108 8
109 11
110 12
111 15
112 16
113 11
114 14
115 11
116 14
117 23
118 18
119 17
120 10
121 11
122 10
123 14
124 14
125 10
126 13
127 8
