0 12
1 20
2 12
3 12
4 20
5 15
6 27
7 26
8 9
9 20
10 19
11 28
12 20
13 12
14 8
15 10
16 19
17 15
18 8
19 12
20 12
21 8
22 7
23 8
24 6
25 12
26 8
27 7
28 13
29 7
30 8
31 10
32 4
33 8
34 11
35 6
36 7
37 10
38 4
39 5
40 19
41 8
42 19
43 11
44 7
45 9
46 11
47 10
48 13
49 9
50 7
51 12
52 13
53 7
54 13
55 8
56 8
57 13
58 18
59 15
60 13
61 13
62 14
63 13
64 11
65 14
66 14
67 19
68 16
69 15
70 7
71 11
72 18
73 26
74 17
75 11
76 20
77 18
78 16
79 12
80 19
81 21
82 15
83 14
84 14
85 21
86 20
87 16
88 18
89 20
90 8
91 8
92 12
93 18
94 10
95 16
96 14
97 7
98 9
99 16
100 7
101 6
102 6
103 10
104 12
105 4
106 5
107 6
108 5
109 7
110 9
111 9
112 6
113 5
114 8
115 10
116 2
117 4
118 5
119 5
120 7
121 10
122 3
123 15
124 10
125 16
126 18
127 11
