0 26
1 28
2 24
3 22
4 16
5 24
6 26
7 26
8 22
9 26
10 25
11 22
12 25
13 26
14 30
15 17
16 29
17 36
18 16
19 20
20 25
21 20
22 27
23 36
24 32
25 26
26 22
27 18
28 22
29 17
30 15
31 24
32 38
33 29
34 23
35 28
36 28
37 27
38 27
39 45
40 20
41 29
42 32
43 41
44 38
45 29
46 40
47 38
48 37
49 34
50 35
51 35
52 38
53 34
54 28
55 36
56 32
57 38
58 37
59 26
60 26
61 31
62 22
63 32
64 22
65 19
66 21
67 32
68 22
69 18
70 18
71 17
72 14
73 21
74 12
75 12
76 16
77 20
78 16
79 24
80 20
81 7
82 18
83 20
84 15
85 16
86 17
87 6
88 17
89 22
90 20
91 16
92 16
93 18
94 18
95 19
96 10
97 16
98 18
99 24
100 17
101 22
102 32
103 21
104 28
105 25
106 21
107 20
108 24
109 23
110 25
111 30
112 34
113 31
114 26
115 34
116 39
117 37
118 30
119 32
120 31
121 31
122 34
123 31
124 27
125 39
126 39
127 21
