0 84
1 69
2 66
3 53
4 85
5 61
6 59
7 71
8 65
9 70
10 59
11 57
12 69
13 79
14 57
15 67
16 68
17 96
18 81
19 59
20 81
21 74
22 83
23 64
24 87
25 83
26 76
27 78
28 94
29 73
30 69
31 83
32 76
33 84
34 70
35 74
36 64
37 59
38 70
39 71
40 67
41 65
42 78
43 65
44 57
45 63
46 80
47 79
48 75
49 76
50 54
51 71
52 71
53 73
54 59
55 65
56 61
57 83
58 93
59 53
60 68
61 64
62 73
63 35
64 64
65 76
66 70
67 81
68 58
69 83
70 75
71 73
72 67
73 62
74 55
75 63
76 61
77 63
78 48
79 46
80 52
81 50
82 67
83 54
84 56
85 42
86 57
87 53
88 52
89 63
90 72
91 52
92 70
93 58
94 68
95 78
96 61
97 69
98 76
99 63
100 74
101 79
102 76
103 74
104 66
105 61
106 60
107 66
108 77
109 63
110 59
111 76
112 77
113 71
114 74
115 73
116 66
117 75
118 62
119 84
120 48
121 50
122 65
123 73
124 70
125 60
126 39
127 56
