0 92
1 147
2 138
3 116
4 164
5 138
6 141
7 146
8 160
9 126
10 133
11 168
12 166
13 180
14 198
15 206
16 180
17 167
18 179
19 190
20 235
21 224
22 235
23 256
24 262
25 253
26 279
27 326
28 311
29 286
30 305
31 329
32 305
33 310
34 312
35 318
36 302
37 267
38 296
39 322
40 306
41 274
42 271
43 285
44 259
45 262
46 255
47 276
48 233
49 252
50 244
51 208
52 218
53 214
54 194
55 192
56 146
57 135
58 171
59 178
60 171
61 130
62 144
63 137
64 142
65 142
66 169
67 141
68 118
69 124
70 94
71 115
72 95
73 101
74 96
75 108
76 91
77 83
78 74
79 90
80 78
81 50
82 83
83 60
84 67
85 72
86 72
87 54
88 59
89 67
90 62
91 45
92 60
93 60
94 49
95 53
96 58
97 58
98 62
99 50
100 49
101 53
102 54
103 48
104 42
105 39
106 66
107 70
108 37
109 60
110 44
111 48
112 58
113 65
114 67
115 65
116 50
117 63
118 57
119 60
120 62
121 52
122 61
123 60
124 82
125 96
126 100
127 63
128 80
129 87
130 86
131 112
132 87
133 109
134 110
135 124
136 102
137 111
138 128
139 147
140 132
141 137
142 120
143 158
144 156
145 164
146 187
147 154
148 159
149 192
150 212
151 213
152 229
153 219
154 230
155 237
156 238
157 264
158 231
159 252
160 246
161 263
162 268
163 284
164 311
165 292
166 255
167 269
168 225
169 299
170 279
171 254
172 222
173 273
174 221
175 233
176 188
177 205
178 205
179 206
180 225
181 192
182 188
183 166
184 167
185 168
186 150
187 149
188 138
189 138
190 132
191 124
192 126
193 123
194 102
195 108
196 105
197 128
198 119
199 103
200 87
201 102
202 77
203 93
204 90
205 78
206 88
207 88
208 56
209 48
210 73
211 80
212 53
213 64
214 46
215 36
216 56
217 46
218 63
219 57
220 52
221 41
222 33
223 50
224 52
225 47
226 41
227 37
228 47
229 34
230 53
231 39
232 40
233 32
234 36
235 52
236 47
237 42
238 38
239 35
240 46
241 24
242 28
243 33
244 34
245 38
246 23
247 48
248 33
249 40
250 42
251 27
252 28
253 38
254 45
255 48
256 40
257 46
258 39
259 45
260 48
261 45
262 43
263 44
264 24
265 46
266 39
267 30
268 34
269 50
270 46
271 40
272 54
273 34
274 68
275 59
276 37
277 71
278 77
279 64
280 64
281 52
282 88
283 59
284 73
285 69
286 89
287 89
288 65
289 111
290 92
291 103
292 87
293 116
294 78
295 136
296 109
297 93
298 119
299 136
300 128
301 138
302 127
303 163
304 133
305 181
306 152
307 168
308 167
309 193
310 208
311 193
312 195
313 237
314 260
315 242
316 241
317 279
318 253
319 267
320 239
321 259
322 283
323 239
324 243
325 249
326 239
327 239
328 209
329 218
330 220
331 192
332 191
333 196
334 218
335 174
336 164
337 193
338 150
339 181
340 158
341 160
342 161
343 142
344 125
345 117
346 127
347 125
348 139
349 113
350 88
351 83
352 82
353 76
354 85
355 99
356 106
357 69
358 80
359 81
360 77
361 65
362 54
363 77
364 71
365 72
366 62
367 52
368 52
369 54
370 63
371 47
372 58
373 61
374 42
375 50
376 62
377 45
378 47
379 47
380 41
381 42
382 42
383 46
384 43
385 50
386 52
387 52
388 35
389 51
390 48
391 46
392 45
393 54
394 48
395 41
396 48
397 54
398 41
399 66
400 68
401 47
402 61
403 51
404 48
405 42
406 39
407 59
408 54
409 47
410 52
411 64
412 47
413 66
414 78
415 72
416 74
417 90
418 78
419 113
420 90
421 98
422 100
423 115
424 118
425 121
426 128
427 119
428 140
429 123
430 114
431 117
432 152
433 127
434 148
435 138
436 169
437 140
438 165
439 189
440 157
441 187
442 246
443 227
444 215
445 230
446 237
447 237
448 226
449 210
450 258
451 255
452 257
453 267
454 271
455 283
456 263
457 231
458 265
459 245
460 242
461 240
462 217
463 199
464 219
465 246
466 250
467 216
468 210
469 212
470 204
471 220
472 195
473 207
474 198
475 221
476 185
477 210
478 193
479 206
480 179
481 181
482 192
483 164
484 182
485 194
486 182
487 147
488 173
489 141
490 151
491 165
492 161
493 145
494 141
495 125
496 125
497 118
498 108
499 131
500 127
501 102
502 120
503 135
504 92
505 97
506 103
507 105
508 121
509 126
510 90
511 118
