0 87
1 78
2 110
3 86
4 88
5 81
6 90
7 86
8 72
9 96
10 91
11 77
12 77
13 84
14 91
15 93
16 86
17 98
18 74
19 87
20 83
21 81
22 58
23 65
24 81
25 82
26 49
27 59
28 79
29 66
30 68
31 68
32 63
33 96
34 59
35 69
36 70
37 73
38 73
39 88
40 74
41 71
42 79
43 84
44 66
45 64
46 81
47 92
48 79
49 62
50 58
51 66
52 70
53 60
54 54
55 63
56 84
57 69
58 58
59 71
60 61
61 69
62 55
63 79
64 87
65 74
66 70
67 79
68 60
69 81
70 86
71 75
72 56
73 82
74 86
75 60
76 76
77 74
78 71
79 75
80 89
81 68
82 78
83 53
84 59
85 89
86 65
87 79
88 51
89 64
90 51
91 63
92 56
93 69
94 51
95 75
96 72
97 77
98 61
99 53
100 59
101 61
102 71
103 63
104 63
105 63
106 55
107 79
108 70
109 79
110 50
111 84
112 74
113 78
114 95
115 62
116 65
117 89
118 56
119 77
120 91
121 73
122 86
123 73
124 91
125 83
126 98
127 88
