0 5
1 10
2 3
3 4
4 2
5 6
6 6
7 5
8 4
9 8
10 7
11 3
12 7
13 8
14 9
15 4
16 4
17 6
18 6
19 13
20 9
21 6
22 5
23 8
24 5
25 5
26 9
27 9
28 7
29 6
30 3
31 6
32 9
33 8
34 3
35 7
36 5
37 6
38 5
39 2
40 0
41 0
42 2
43 5
44 2
45 2
46 0
47 4
48 0
49 0
50 0
51 2
52 0
53 2
54 4
55 3
56 3
57 2
58 3
59 1
60 6
61 3
62 5
63 6
64 4
65 7
66 0
67 4
68 1
69 1
70 4
71 2
72 0
73 0
74 6
75 3
76 3
77 7
78 5
79 4
80 0
81 3
82 3
83 2
84 2
85 5
86 3
87 4
88 3
89 2
90 0
91 0
92 2
93 0
94 0
95 4
96 2
97 0
98 0
99 2
100 6
101 4
102 4
103 9
104 12
105 11
106 10
107 14
108 20
109 15
110 23
111 22
112 17
113 21
114 20
115 20
116 21
117 15
118 16
119 13
120 14
121 16
122 15
123 12
124 15
125 11
126 12
127 12
