0 2
1 2
2 5
3 8
4 2
5 5
6 1
7 6
8 2
9 3
10 1
11 0
12 6
13 4
14 1
15 2
16 2
17 1
18 4
19 4
20 6
21 6
22 1
23 4
24 8
25 14
26 2
27 5
28 8
29 10
30 6
31 11
32 9
33 10
34 17
35 10
36 10
37 17
38 10
39 11
40 15
41 8
42 19
43 13
44 16
45 13
46 23
47 14
48 13
49 20
50 18
51 12
52 12
53 19
54 13
55 14
56 14
57 12
58 15
59 2
60 3
61 15
62 12
63 13
64 7
65 2
66 5
67 5
68 10
69 10
70 10
71 4
72 5
73 16
74 2
75 6
76 8
77 13
78 6
79 4
80 1
81 0
82 0
83 2
84 10
85 4
86 4
87 2
88 1
89 6
90 2
91 4
92 2
93 8
94 7
95 2
96 2
97 9
98 1
99 9
100 11
101 8
102 9
103 8
104 4
105 6
106 11
107 2
108 3
109 11
110 10
111 6
112 7
113 16
114 13
115 4
116 4
117 18
118 13
119 18
120 10
121 13
122 12
123 11
124 9
125 4
126 7
127 11
