0 2
1 2
2 3
3 4
4 2
5 4
6 10
7 4
8 6
9 0
10 5
11 1
12 2
13 2
14 5
15 7
16 4
17 5
18 0
19 4
20 2
21 0
22 1
23 2
24 8
25 4
26 2
27 2
28 4
29 5
30 1
31 5
32 1
33 3
34 7
35 4
36 6
37 4
38 2
39 5
40 5
41 5
42 5
43 6
44 7
45 5
46 6
47 6
48 4
49 6
50 2
51 2
52 3
53 4
54 3
55 8
56 6
57 2
58 3
59 4
60 2
61 1
62 2
63 3
64 2
65 2
66 4
67 3
68 0
69 1
70 4
71 8
72 2
73 5
74 4
75 2
76 2
77 2
78 2
79 8
80 1
81 3
82 1
83 4
84 2
85 1
86 11
87 2
88 4
89 5
90 4
91 2
92 0
93 2
94 4
95 5
96 2
97 4
98 4
99 6
100 4
101 8
102 4
103 6
104 3
105 6
106 5
107 8
108 7
109 6
110 11
111 10
112 3
113 12
114 7
115 13
116 6
117 6
118 8
119 5
120 8
121 6
122 9
123 5
124 5
125 5
126 2
127 4
