0 4
1 3
2 0
3 0
4 2
5 3
6 0
7 4
8 4
9 0
10 5
11 2
12 2
13 3
14 0
15 2
16 3
17 6
18 2
19 0
20 2
21 2
22 0
23 3
24 2
25 1
26 4
27 1
28 2
29 1
30 8
31 3
32 2
33 6
34 3
35 2
36 0
37 7
38 3
39 3
40 5
41 4
42 6
43 5
44 8
45 6
46 6
47 5
48 4
49 0
50 6
51 6
52 1
53 2
54 2
55 9
56 8
57 6
58 3
59 2
60 3
61 1
62 2
63 5
64 5
65 6
66 5
67 1
68 2
69 4
70 4
71 2
72 2
73 1
74 4
75 3
76 2
77 1
78 4
79 6
80 3
81 1
82 8
83 6
84 2
85 9
86 4
87 3
88 2
89 3
90 4
91 5
92 2
93 2
94 3
95 4
96 2
97 1
98 2
99 0
100 7
101 10
102 4
103 2
104 2
105 4
106 2
107 4
108 4
109 6
110 6
111 4
112 6
113 1
114 4
115 4
116 7
117 11
118 8
119 7
120 2
121 2
122 7
123 3
124 2
125 6
126 5
127 3
