0 4
1 8
2 5
3 2
4 0
5 7
6 6
7 3
8 6
9 6
10 16
11 9
12 13
13 18
14 9
15 13
16 11
17 10
18 14
19 11
20 13
21 11
22 10
23 10
24 8
25 9
26 3
27 8
28 8
29 14
30 5
31 9
32 8
33 7
34 6
35 15
36 10
37 7
38 10
39 14
40 17
41 21
42 12
43 12
44 13
45 14
46 13
47 9
48 19
49 21
50 12
51 17
52 17
53 16
54 6
55 9
56 5
57 2
58 8
59 5
60 2
61 6
62 8
63 15
64 4
65 5
66 7
67 7
68 4
69 2
70 8
71 1
72 9
73 5
74 2
75 7
76 4
77 5
78 2
79 6
80 5
81 7
82 2
83 4
84 7
85 4
86 1
87 8
88 4
89 0
90 4
91 2
92 2
93 2
94 2
95 2
96 0
97 6
98 6
99 4
100 0
101 0
102 0
103 2
104 2
105 5
106 5
107 4
108 7
109 1
110 10
111 3
112 11
113 12
114 9
115 15
116 4
117 11
118 2
119 7
120 6
121 8
122 6
123 13
124 4
125 5
126 3
127 4
