0 3
1 2
2 5
3 0
4 2
5 0
6 2
7 4
8 3
9 2
10 4
11 3
12 0
13 6
14 2
15 3
16 2
17 3
18 4
19 1
20 5
21 1
22 8
23 11
24 0
25 6
26 6
27 4
28 9
29 7
30 4
31 3
32 16
33 10
34 6
35 10
36 10
37 7
38 4
39 9
40 8
41 2
42 2
43 7
44 3
45 6
46 3
47 4
48 5
49 4
50 8
51 2
52 2
53 4
54 7
55 4
56 6
57 3
58 2
59 2
60 1
61 3
62 2
63 0
64 2
65 2
66 4
67 3
68 3
69 4
70 6
71 7
72 5
73 5
74 3
75 6
76 4
77 3
78 4
79 6
80 7
81 9
82 3
83 5
84 8
85 10
86 3
87 6
88 2
89 6
90 2
91 6
92 6
93 4
94 8
95 6
96 12
97 8
98 6
99 6
100 10
101 2
102 6
103 6
104 9
105 7
106 8
107 9
108 6
109 7
110 3
111 10
112 5
113 4
114 1
115 4
116 6
117 2
118 5
119 5
120 4
121 0
122 6
123 4
124 4
125 6
126 6
127 0
