0 41
1 22
2 31
3 24
4 23
5 31
6 25
7 23
8 14
9 28
10 32
11 38
12 21
13 30
14 36
15 26
16 27
17 16
18 28
19 19
20 24
21 29
22 9
23 20
24 21
25 22
26 30
27 19
28 32
29 34
30 36
31 33
32 28
33 29
34 31
35 40
36 35
37 25
38 54
39 30
40 45
41 39
42 55
43 44
44 33
45 46
46 43
47 46
48 43
49 55
50 57
51 55
52 40
53 32
54 44
55 40
56 44
57 38
58 30
59 30
60 35
61 30
62 26
63 25
64 30
65 22
66 31
67 31
68 18
69 26
70 19
71 19
72 26
73 18
74 15
75 18
76 16
77 22
78 14
79 24
80 12
81 16
82 16
83 10
84 18
85 21
86 15
87 10
88 28
89 19
90 18
91 18
92 20
93 16
94 24
95 18
96 15
97 22
98 15
99 36
100 24
101 31
102 24
103 32
104 31
105 35
106 26
107 46
108 25
109 35
110 21
111 39
112 49
113 55
114 27
115 46
116 42
117 48
118 35
119 40
120 34
121 59
122 34
123 45
124 34
125 35
126 32
127 35
