0 14
1 8
2 21
3 6
4 4
5 13
6 13
7 17
8 6
9 8
10 8
11 9
12 5
13 6
14 9
15 4
16 6
17 3
18 2
19 6
20 6
21 4
22 4
23 0
24 4
25 11
26 3
27 2
28 4
29 1
30 3
31 2
32 4
33 3
34 8
35 7
36 10
37 9
38 9
39 7
40 13
41 10
42 10
43 12
44 14
45 8
46 11
47 9
48 16
49 21
50 21
51 19
52 21
53 18
54 21
55 23
56 21
57 19
58 23
59 27
60 21
61 17
62 12
63 19
64 9
65 22
66 13
67 11
68 14
69 5
70 4
71 7
72 8
73 6
74 7
75 10
76 6
77 2
78 10
79 8
80 7
81 4
82 9
83 10
84 4
85 6
86 2
87 8
88 9
89 7
90 1
91 12
92 6
93 10
94 10
95 7
96 6
97 4
98 6
99 4
100 3
101 2
102 6
103 2
104 6
105 5
106 4
107 4
108 9
109 6
110 6
111 2
112 0
113 3
114 3
115 8
116 10
117 7
118 11
119 16
120 7
121 12
122 16
123 13
124 15
125 12
126 16
127 15
