0 159
1 144
2 154
3 168
4 144
5 158
6 164
7 164
8 167
9 158
10 133
11 153
12 132
13 141
14 139
15 144
16 135
17 131
18 156
19 120
20 122
21 138
22 155
23 125
24 118
25 144
26 112
27 142
28 126
29 105
30 134
31 119
32 119
33 95
34 111
35 122
36 106
37 119
38 108
39 125
40 132
41 128
42 122
43 155
44 143
45 111
46 142
47 157
48 133
49 149
50 159
51 147
52 153
53 148
54 150
55 148
56 138
57 163
58 169
59 139
60 147
61 137
62 162
63 156
64 121
65 152
66 150
67 154
68 102
69 123
70 120
71 106
72 106
73 136
74 99
75 104
76 110
77 110
78 84
79 92
80 76
81 92
82 91
83 68
84 68
85 69
86 55
87 88
88 83
89 88
90 66
91 66
92 83
93 56
94 74
95 68
96 66
97 73
98 76
99 64
100 87
101 90
102 86
103 78
104 62
105 99
106 105
107 69
108 75
109 90
110 84
111 77
112 106
113 90
114 110
115 98
116 110
117 105
118 115
119 122
120 133
121 108
122 123
123 116
124 139
125 134
126 159
127 122
