0 3
1 6
2 0
3 2
4 0
5 2
6 2
7 1
8 5
9 4
10 6
11 4
12 3
13 4
14 4
15 3
16 5
17 5
18 6
19 6
20 2
21 2
22 0
23 2
24 2
25 3
26 2
27 2
28 2
29 5
30 3
31 2
32 2
33 3
34 5
35 5
36 7
37 1
38 2
39 0
40 2
41 2
42 1
43 4
44 1
45 0
46 1
47 2
48 0
49 2
50 2
51 0
52 2
53 2
54 1
55 0
56 2
57 4
58 7
59 4
60 4
61 5
62 3
63 4
64 4
65 5
66 5
67 2
68 2
69 3
70 3
71 0
72 2
73 2
74 3
75 0
76 1
77 1
78 2
79 1
80 0
81 2
82 1
83 2
84 1
85 0
86 1
87 0
88 0
89 0
90 0
91 0
92 0
93 0
94 0
95 0
96 0
97 0
98 0
99 0
100 0
101 0
102 0
103 0
104 2
105 4
106 5
107 0
108 4
109 1
110 3
111 2
112 3
113 3
114 5
115 6
116 5
117 8
118 4
119 4
120 2
121 5
122 2
123 3
124 3
125 3
126 6
127 2
