0 0
1 4
2 6
3 2
4 6
5 2
6 4
7 10
8 2
9 8
10 11
11 9
12 6
13 10
14 9
15 9
16 14
17 4
18 10
19 12
20 8
21 9
22 13
23 18
24 10
25 11
26 11
27 17
28 14
29 8
30 12
31 4
32 6
33 14
34 12
35 7
36 6
37 6
38 11
39 4
40 6
41 3
42 10
43 8
44 1
45 10
46 13
47 6
48 1
49 4
50 6
51 8
52 4
53 6
54 8
55 6
56 4
57 2
58 1
59 6
60 3
61 3
62 7
63 5
64 6
65 6
66 9
67 5
68 3
69 4
70 4
71 3
72 6
73 2
74 6
75 5
76 8
77 5
78 2
79 6
80 11
81 5
82 6
83 6
84 7
85 12
86 8
87 10
88 5
89 12
90 7
91 13
92 4
93 8
94 9
95 12
96 10
97 18
98 16
99 13
100 11
101 9
102 13
103 9
104 12
105 12
106 13
107 8
108 10
109 7
110 8
111 4
112 5
113 2
114 1
115 1
116 13
117 11
118 8
119 5
120 5
121 5
122 12
123 2
124 3
125 0
126 1
127 2
