0 7
1 12
2 8
3 9
4 4
5 9
6 6
7 4
8 4
9 12
10 1
11 12
12 6
13 6
14 6
15 11
16 4
17 7
18 6
19 6
20 14
21 5
22 6
23 4
24 6
25 3
26 4
27 3
28 6
29 1
30 6
31 7
32 4
33 9
34 3
35 2
36 6
37 0
38 8
39 11
40 18
41 0
42 10
43 7
44 10
45 4
46 3
47 7
48 11
49 11
50 11
51 8
52 9
53 11
54 12
55 10
56 12
57 6
58 10
59 12
60 9
61 6
62 12
63 16
64 5
65 9
66 9
67 6
68 10
69 4
70 9
71 4
72 4
73 2
74 7
75 2
76 10
77 5
78 10
79 6
80 6
81 5
82 11
83 0
84 2
85 3
86 3
87 2
88 9
89 2
90 4
91 2
92 6
93 7
94 4
95 2
96 2
97 4
98 4
99 6
100 8
101 6
102 6
103 4
104 6
105 3
106 0
107 6
108 3
109 5
110 7
111 6
112 4
113 3
114 4
115 4
116 2
117 2
118 5
119 8
120 8
121 5
122 12
123 7
124 6
125 11
126 10
127 8
